,0,1
0,0.44735163201026984,1.2459644712549738
1,0.1894457002782417,1.0402606912261791
2,0.017766817740858643,0.7576494165444472
3,0.6363329400770132,1.4686166865893266
4,0.9791308452048828,1.7184364195622204
5,0.13004480556325915,0.8773504306239963
6,0.16408958303312915,1.1903663635965651
7,0.20510659266989706,1.1539025982915074
8,0.13544860727506192,0.9420552511695054
9,0.47140885408299005,1.3074833710905194
10,0.9472871756240507,1.6930117975098664
11,0.019229357794032342,0.8738005941535499
12,0.7102425105786373,1.5388169268237304
13,0.24509052869855819,1.1328446389501368
14,0.632534610461231,1.345452187810184
15,0.7377504125012156,1.4849715301575666
16,0.23195185600901136,1.1286001168821138
17,0.9631909789523003,1.5537770399210478
18,0.9907473604799839,1.70222325295332
19,0.3517487062813215,1.1859580193472632
20,0.428879240311408,1.2576253092130472
21,0.02506836952907876,0.7144575206886448
22,0.6933981907774777,1.4895788484159507
23,0.45001759589206214,1.1660641055061958
24,0.6940613066956607,1.4680900798181817
25,0.5778076720939189,1.494300453539065
26,0.12410354751148056,0.9110669778522261
27,0.9347483171462926,2.009859692074614
28,0.19479283622386345,1.0570923045455909
29,0.8555119890733307,1.4961015464600163
30,0.497900299383342,1.0842492435747455
31,0.6803607119685445,1.4573693296520256
32,0.6221455016610079,1.4059462855786309
33,0.855262740261196,1.5271319636641474
34,0.5335363023078451,1.2963576195821735
35,0.09782189573361921,0.723847757792121
36,0.46779700918612344,1.0669631751620121
37,0.9904801428882745,1.4866142239417113
38,0.058025591378399355,0.6387980839694343
39,0.07469451976112595,0.7951200203107334
40,0.4792038843664883,1.296621946713486
41,0.8759095017925544,1.5257174716349429
42,0.5352681586695236,1.4317647812876324
43,0.5691221226813964,1.3569006577623508
44,0.9625273592669172,1.6463020697898256
45,0.17439450509430565,1.110528732530542
46,0.40708508804281596,1.2781556283420799
47,0.07728771398547596,0.9647367680442778
48,0.402443312001422,1.1613391756774019
49,0.7165189178552156,1.4162270148155565
50,0.28590887070248927,1.0914719228630378
51,0.8530352746662369,1.655561780557943
52,0.001631909936193443,0.909144191297557
53,0.6408022872276318,1.4734109524476386
54,0.5722426764244722,1.5179296876579493
55,0.44416124784828503,1.1707865018903232
56,0.20531401481769684,1.0702639841194759
57,0.6314025999084251,1.2277242281137342
58,0.3002469066897936,1.1424257367997122
59,0.4070278948083129,1.1900308147743905
60,0.4234519969464061,1.3918362398929358
61,0.6587992804229235,1.3977503095002453
62,0.4229066985059704,1.1447442186386616
63,0.2288757863323524,1.1033998744598927
64,0.6952230142906793,1.32426607150154
65,0.8683278125793951,1.6241856009400548
66,0.5039323461090439,1.407986622685637
67,0.2534145908015939,1.1520552219527629
68,0.6383291285572676,1.5219467175721468
69,0.3953583554375941,1.1468603540492883
70,0.23058683941323532,1.009518975055565
71,0.06752755544247524,0.936344920362325
72,0.09704042493749887,0.9730748538024497
73,0.7439392257638492,1.4962326261534014
74,0.36830222575927707,1.0460883169746
75,0.406375194955482,1.268786394587382
76,0.2067174210298186,0.8790245248376369
77,0.8498625276534676,1.6377574927175265
78,0.9837208380434834,1.6070703766701995
79,0.020081401985286518,0.9069177297839977
80,0.9371722743585765,1.7305707863224529
81,0.783787352398831,1.6476251377500846
82,0.43069575894822365,1.3094753790805171
83,0.14165863135280887,0.9191810663853472
84,0.8023425868483227,1.5579830384485187
85,0.9877010820558075,1.6779389399649791
86,0.4087357315067185,1.3961700536114559
87,0.009638498972293297,0.8797860769799805
88,0.22986725734759794,1.0353740831568188
89,0.4910976003509223,1.2907750681071621
90,0.6239027728620848,1.2837245464084992
91,0.08697297048800268,0.9327209999012633
92,0.9724744885753855,1.6458841788113643
93,0.3178702042625754,1.226874502575221
94,0.8417191144230728,1.6563164755846222
95,0.07996747500354862,0.8689598337694224
96,0.8881928625808825,1.647628084159623
97,0.45980456635826383,1.4295525129976674
98,0.2023919577724147,0.9264992367029472
99,0.29645677747332255,1.0183004040128036
100,0.7732421037469971,1.5581520564144495
101,0.26049216496019223,1.1815631806563833
102,0.25747563838634413,0.9906828729481589
103,0.5221250766767269,1.2741758004177548
104,0.42599991710116303,1.066231589040345
105,0.6182308688855834,1.5178290557331129
106,0.2561113349222913,1.1767058088004643
107,0.9838298056448194,1.7048543826023936
108,0.2534613165646056,1.0709923971184765
109,0.6636566897441302,1.383013816755318
110,0.7124765021197358,1.5764764735118817
111,0.6362225709828508,1.353682586432518
112,0.5792093683621304,1.3626024760604931
113,0.25015217363763353,0.9665929889732253
114,0.6550908125751389,1.4661086210672716
115,0.12902764753163687,0.8076254472168707
116,0.926090050109513,1.8334439657153758
117,0.27419215650255757,1.1444931301512427
118,0.7371848086865112,1.3773245275599038
119,0.06322748631146924,0.9845945027932619
120,0.08341039809903095,0.9624574535348802
121,0.6602091460400251,1.6156584925178303
122,0.1920486712155144,1.0674978446547534
123,0.3039090042486763,1.1568518554337806
124,0.0616181447118882,0.7640597051337515
125,0.25213275840447347,0.9973650487179254
126,0.8751119975109182,1.753876079580506
127,0.8436449998209142,1.836369371298855
128,0.5332106304322736,1.2745941777886818
129,0.6551257856982325,1.442944706309435
130,0.8312307617166657,1.5084465548285713
131,0.6158198115280444,1.3717826832688933
132,0.8831083288121971,1.5794062741891046
133,0.23402087295280916,0.8982066321123601
134,0.1760557217526103,1.039418862843137
135,0.1234338935199567,1.0330998614343347
136,0.8791732149649412,1.7749389549223105
137,0.013270023429064581,1.0693215045910214
138,0.20666476846545268,1.001517508558482
139,0.9532396985083316,1.7829313123754604
140,0.004350053482377825,0.8351541772014172
141,0.14869515096488528,0.8444107326094732
142,0.45431586703776505,1.2232628447292007
143,0.6390820191419346,1.4234705859929604
144,0.5137714330988012,1.3734844854519153
145,0.7896119400155576,1.7011539115347007
146,0.5768982247953967,1.4054614591934067
147,0.3161165491583975,1.018659359514475
148,0.3592094132228716,1.2486044294316094
149,0.8467112198728797,1.7712179571807558
150,0.25835787276649835,1.1381296034116346
151,0.09734558644761804,1.1623305343720634
152,0.6651391923363829,1.5309947535695887
153,0.7000554566038161,1.548163400076844
154,0.12486756931648879,1.0678209353869563
155,0.8028242321682582,1.4739610566663979
156,0.94847712518287,1.7904964591347674
157,0.8402085246823988,1.537183751597694
158,0.7278321014263397,1.4824402397405967
159,0.2791151049273046,0.9936114821959549
160,0.935100008776715,1.7454488459644582
161,0.6955034733383688,1.4440607126302942
162,0.7399179793257205,1.5184616842747818
163,0.7574872550778785,1.624505984249115
164,0.1607743727594554,0.9676198013414741
165,0.28186958419928565,1.1511166593808215
166,0.5133977829192274,1.0802383365487538
167,0.8256482468103944,1.5942901844776878
168,0.9844827028156298,1.7945224364289256
169,0.12767625599951493,0.8350020682322249
170,0.7182243682055952,1.4820107276804801
171,0.5425947765897045,1.399264996676869
172,0.6397267892851102,1.494718093274933
173,0.32542071115118953,1.1502108858735367
174,0.45295007556043565,1.2179220542066047
175,0.6661122899043311,1.4430977604243356
176,0.9562636920350899,1.8017234787385235
177,0.9119346486333813,1.7310522184286599
178,0.9852294398878695,1.7188097187324063
179,0.2878885794199163,1.1179615577206805
180,0.09676099418056816,0.7992137232317451
181,0.3859785716354853,1.075475556969577
182,0.5803207715025984,1.4338428557951803
183,0.30833317385847225,1.032375071950514
184,0.9888777680294558,1.7404124233422233
185,0.439830460158101,1.3551746970771144
186,0.932150057856942,1.5654312409000177
187,0.40499313705061357,1.3129664567098485
188,0.44878102835085154,1.2830608229274558
189,0.5782760267390444,1.2743711422166617
190,0.66824171759156,1.4897922843689229
191,0.5830015991285298,1.3147315088350477
192,0.46999232384091283,1.3377246632260982
193,0.930941194736284,1.637812811605831
194,0.8457401998159219,1.5000194158156046
195,0.7309835940772742,1.5948817774734865
196,0.03202014081983007,0.7676335775461367
197,0.19467328104527348,1.0093659124283374
198,0.2743637922295904,1.1962188693331357
199,0.18371367734416544,0.9817221601827947
200,0.4869368008969034,1.3868888202551088
201,0.10515935282575806,0.868202578290596
202,0.15078008164547674,1.0300754877373899
203,0.19600352765579832,1.0033457450522558
204,0.26007017759312523,1.2349224537464256
205,0.7917760709771817,1.5506235136755626
206,0.32410285244274006,1.2446598386074874
207,0.26842600754111645,0.9983117322415394
208,0.6120388893046895,1.2910011098847702
209,0.32490124891592487,1.1526151409091456
210,0.08465385708030826,0.9633766752187556
211,0.6152412699909103,1.3806514218071892
212,0.5352495533123999,1.4526450851399373
213,0.2925655137470905,1.141437550784193
214,0.3218201495360773,1.2398053231834545
215,0.711488598190209,1.5374320540001651
216,0.04110540498236315,0.8364628317701752
217,0.27614601391385796,1.0543036729828676
218,0.00977637812617238,0.6825684565426406
219,0.21968684707416297,0.8978670973698194
220,0.23714395625100249,1.0309766745648188
221,0.7518459382671909,1.419451453683845
222,0.876431654318675,1.5320850364686787
223,0.14804396986636337,0.941754231887938
224,0.29842478985215937,1.1026376827021902
225,0.9201902087861196,1.7066706932566862
226,0.8964453312727799,1.725528602342444
227,0.8959134090220043,1.7837056417172952
228,0.2847836602606788,0.9722133898254246
229,0.9568683630702159,1.7726070785313193
230,0.6721282107079074,1.4312840197981953
231,0.5699724404503652,1.3326362087116121
232,0.506284457489843,1.4475580599016973
233,0.0672781688413604,0.8844980665147892
234,0.5001838863025933,1.2310241665567918
235,0.7193423495794355,1.3588065144768462
236,0.048828476813620014,0.8009439951986413
237,0.19895618291792816,1.1128492485114527
238,0.00612975758097789,1.0564068185593825
239,0.08391574502432175,0.8622702316211249
240,0.43482538074750066,1.2472600843089188
241,0.8629125089544639,1.6980401280458564
242,0.36638618606661555,0.9922779252548923
243,0.15019061474649575,1.0958063267409792
244,0.19040648965688567,1.2248760195854482
245,0.15749475680262504,1.019570014870571
246,0.6202258144364552,1.523745050337018
247,0.22456949357153522,0.9773428106694236
248,0.7937489606241994,1.563063597548582
249,0.928724597135558,1.4821962959069945
250,0.5742256417819799,1.4214159253601124
251,0.13859837497677752,0.8993234605740507
252,0.8260062384262069,1.5624034512482363
253,0.9899477478778249,1.7542007013531662
254,0.46520284746276575,1.3758180493323129
255,0.9762189208243945,1.707593797990534
256,0.03665534879763277,0.9648661846270661
257,0.0017907031732463663,0.936463242455873
258,0.13853319053896607,0.9310397267802404
259,0.6984570013230789,1.5282276716067318
260,0.4005238259663758,1.0132306386314105
261,0.7297548101006828,1.5746389854680258
262,0.4984708988051325,1.4681146899577528
263,0.2130212010840321,1.143542076768952
264,0.39633477120199223,1.3155602825480033
265,0.10562754153991538,1.1389592561479152
266,0.4119037120837765,1.2551913644648953
267,0.173312761661925,1.0210140302139874
268,0.3655185235893337,1.0569053366947967
269,0.896873472413901,1.8606456698183047
270,0.43240931841457786,1.102523835785784
271,0.6086347973115096,1.2985165988071372
272,0.5790441123015071,1.3642839393573407
273,0.7225221043255754,1.405400447137746
274,0.6127444889094957,1.6615033191380455
275,0.781063879125274,1.4536257601534601
276,0.04729819272211677,0.8240408317403368
277,0.31864483655185194,1.1239781696135296
278,0.5045313090791504,1.2801167129275095
279,0.34572731681725855,1.1384295152622819
280,0.7751171520919996,1.6396106663834908
281,0.3054836866466413,1.1586686772881112
282,0.10822445257490465,0.9248815677050639
283,0.36616673162170943,1.080233275098135
284,0.9471636523211185,1.8129863010658447
285,0.5377339877179202,1.30387615136407
286,0.7293210179737638,1.4945358150760144
287,0.9528055410726098,1.5235047944047753
288,0.364383948571553,0.9744635842540292
289,0.05686774043358267,0.9232830504685621
290,0.18207971543120482,1.1011688880730717
291,0.3753735366885098,1.1959001855075928
292,0.7291745772539874,1.4531401170938885
293,0.3631137317977021,1.1226710874245478
294,0.4552708519773776,1.1881299287613383
295,0.8428506907440708,1.6019577878738736
296,0.0633565784936877,0.8664861594509886
297,0.47466276760724413,1.268909958545148
298,0.596935051909029,1.3517520908529461
299,0.411180316860974,0.936473937952484
300,0.42954599960024054,1.3777651203014578
301,0.6502554825442289,1.544029381465192
302,0.7485247182996109,1.4880835710424953
303,0.45578348093934207,1.366519041099868
304,0.06196658861788207,0.8807329156887962
305,0.6320942313505742,1.259530800230279
306,0.1342800876078456,0.9470519074965943
307,0.5655734623748533,1.275188757438877
308,0.3158388636109658,1.2876485142839629
309,0.8871359039361308,1.5336415861756827
310,0.8876066623021232,1.6270883514815848
311,0.047133264839134825,0.8824442727262338
312,0.7640372517810524,1.59786572297798
313,0.960078339872203,1.740010095724445
314,0.5520825335280884,1.3613606440297188
315,0.8373454203319963,1.6168861315880543
316,0.22752886085360935,1.2738486090303962
317,0.6132035356300961,1.311699375217168
318,0.8670735589003017,1.5450553121794939
319,0.8328812806293818,1.6490210145157835
320,0.3774993599916534,1.281517010479732
321,0.3384678096974475,1.0494706037030954
322,0.8206361386196043,1.6586539767928992
323,0.31872915769390053,1.145482684244427
324,0.3005530242189566,1.225067130356483
325,0.9973432544421206,1.6341965028701098
326,0.8280125716861771,1.7406376103884706
327,0.1447632575783956,0.8599255276426099
328,0.8076558308064063,1.4387666167288886
329,0.657975458569073,1.502715045209041
330,0.37998580962635786,1.0085294837010135
331,0.30710546852141607,1.1724153307563383
332,0.9436474672705613,1.6747496675309825
333,0.9855307864445981,1.638352277148339
334,0.5325514506571549,1.408626878125696
335,0.5664020744027376,1.400962063104602
336,0.26504263736983,1.0937526237552477
337,0.48755217709995957,1.3371339533138844
338,0.7189557274509659,1.366162354960265
339,0.7109679293474815,1.4126928525746143
340,0.3162085964007191,1.1691334046876696
341,0.09101389612748256,1.0580603074756154
342,0.15876673860907253,1.000177538039209
343,0.2829343914905662,1.2930832643297925
344,0.35969931561842605,1.1057462539937626
345,0.17105840796450633,1.070109332374368
346,0.8973164511140623,1.6478665838821132
347,0.808730075324449,1.5924106143971555
348,0.6492462497171548,1.457747422352037
349,0.9665969518828643,1.7135235830494988
350,0.9811390533100963,1.727954923860823
351,0.448987241410307,1.3446191458050014
352,0.349961116471427,1.3608627072575437
353,0.277256073070674,1.049809169591509
354,0.13675038762314629,0.8941694517756452
355,0.12258803909566074,1.0651351528815445
356,0.12226034063266755,0.9236321515809334
357,0.6689303478786788,1.4895896041771548
358,0.8375395390657769,1.5932689658414705
359,0.452150615872708,1.1448724918100595
360,0.9887282772142681,1.7512551093639233
361,0.45136179908362173,1.414861719727818
362,0.22117398540730737,1.166816448063065
363,0.08222345066210246,0.9308149870090155
364,0.9660954580267906,1.7262672030690347
365,0.716948467004066,1.355357645692953
366,0.7645105278967198,1.4694718960278421
367,0.9111627982702927,1.72404572463117
368,0.19210874914891696,1.10766614292504
369,0.5850397470489266,1.3711835998424695
370,0.14452696931325248,0.8753085374961886
371,0.9299268870508611,1.6641943891139581
372,0.016852465854756082,0.859705313945698
373,0.02050149820165592,0.8132278258278863
374,0.5351887259663614,1.3723995880129667
375,0.758346026232848,1.411805077160632
376,0.3208848374310824,1.3987967665141874
377,0.13084185985478236,0.9594904367071354
378,0.2912951162445707,1.05832174899824
379,0.9765079397983766,1.6867264686173056
380,0.863340590846349,1.64574122918945
381,0.13629738468716035,1.1525046524003693
382,0.41545730159578,1.3645401621453561
383,0.6712121908183728,1.4910260376948334
384,0.5905163949861114,1.3075371462575465
385,0.1928096738370676,1.1603064818044686
386,0.9800078145246006,1.6536351084033776
387,0.14437928391420707,1.0980880114929885
388,0.44075311311736065,1.2752527160293332
389,0.2783641619082363,1.1278402021224185
390,0.8216247262268022,1.5012942715762043
391,0.7136760232603472,1.5535411166500939
392,0.026786784356976234,0.7673738125552445
393,0.49290208078448094,1.0819739170833622
394,0.6751317925706881,1.626901757443694
395,0.2136750146288513,0.9599914544314311
396,0.6899118884605725,1.5686288971338556
397,0.24322114080658852,1.1431881331838312
398,0.8337579395700573,1.48610634398978
399,0.5384826787266676,1.4001420624883958
400,0.09234132663231054,0.6819131133604746
401,0.7125276079771709,1.4297964762346225
402,0.06576914506710407,0.9516910310193657
403,0.2754472541358892,0.9896156261004156
404,0.3215944270078812,1.162718738781006
405,0.5612551439005236,1.3487666589532188
406,0.3316758022349867,1.146694743515792
407,0.013304136316110715,0.6612702029382846
408,0.8068159928542814,1.6377446701373162
409,0.2640476362619524,1.116949285235948
410,0.48726626474314017,1.3739981190242214
411,0.3169852716837399,0.9136856050065485
412,0.7765638346973481,1.7524828694241963
413,0.5734785234303318,1.427939951318468
414,0.6758947053905313,1.5477214596689945
415,0.86900217910418,1.7486366522611174
416,0.33635193530168817,1.066592629835044
417,0.34768248908162513,1.1308843717134827
418,0.48288038306209013,1.4822432884404064
419,0.2872034101734693,1.02976339690416
420,0.9623999318436468,1.717315150433898
421,0.840936429417628,1.5765577861320956
422,0.1016124044433252,0.7987974306443687
423,0.984834840416982,1.5859602671663062
424,0.5231644776780915,1.1392238041468559
425,0.9866578459370421,1.8096780743873282
426,0.6289065099129474,1.4339622211734742
427,0.47577258804700306,1.3577309054590647
428,0.2324149701014222,0.9756419821315618
429,0.055418678335755756,1.0314051927566419
430,0.7813761944072045,1.4475317215553567
431,0.3594057671317573,1.2325666000502533
432,0.34943514168100154,1.2882047281271969
433,0.5605525761696731,1.4522926397797211
434,0.7156792043745569,1.649082468815923
435,0.38667804615917567,1.1133041882903787
436,0.7420397386900606,1.681006311509753
437,0.6898580770638413,1.5989993949548158
438,0.34346426815433617,1.1907739120295666
439,0.6890138240801489,1.3839196923946604
440,0.13675830099424524,0.8908434005466601
441,0.43971998885548647,1.1442327316343206
442,0.6755629803163581,1.4756379902482122
443,0.10496750252425546,0.9750248474196676
444,0.047802171445596287,0.992898215528716
445,0.6149324871369639,1.2644291253869993
446,0.4592372588778132,1.1166883595280388
447,0.6573159621661048,1.5139023613683589
448,0.9036508922809535,1.7147998650969378
449,0.8480719039449636,1.827848030607712
450,0.7193786826940628,1.4262863944229978
451,0.3845466707172642,0.9793373713248086
452,0.5679299299425778,1.3381076975163755
453,0.5708771965731547,1.134694346483064
454,0.6966542632153117,1.4577795950575152
455,0.6735370088759168,1.4489953381180947
456,0.24313596039762508,1.0117903941789532
457,0.3213703166282339,1.1455454243494143
458,0.1284756055257107,0.94304477873092
459,0.943033605467633,1.7145279125159683
460,0.5289936987379302,1.2865447623814243
461,0.4486593594580526,1.1926988786463422
462,0.21690019664303717,1.1401822149190337
463,0.2941953566247456,1.265215183390045
464,0.877400626356677,1.6251389406211045
465,0.05545052391279692,0.8803973492274065
466,0.48904174881053364,1.1815114253784942
467,0.4889945367102446,1.253318630791039
468,0.8396770367428418,1.6947708752093689
469,0.772274343611438,1.6704902465101579
470,0.9243146844884772,1.6583064180019738
471,0.9341057787887477,1.7002165474556012
472,0.6176173838925627,1.164326398271233
473,0.7559524158449343,1.4576898520962993
474,0.5138223030755419,1.327371146257866
475,0.9647792721868345,1.778562915981133
476,0.11643222026124056,0.7779123681503751
477,0.04498317581029476,0.8983460138746633
478,0.02373850194410454,0.8617212141474819
479,0.8136103957681602,1.5977027624233486
480,0.6288402666421665,1.600134885432626
481,0.6091061242722232,1.2734162680084709
482,0.07913179715001795,1.0075662487276462
483,0.09537637113293296,0.7946951588888523
484,0.1142501016383205,0.8581218636564798
485,0.6340498038901311,1.3824568773300276
486,0.29765671015015993,1.1353215758500461
487,0.4046186071828347,1.3469726756132825
488,0.5895677838576265,1.306215719144778
489,0.9363041761911843,1.7934252400505213
490,0.8758635563153194,1.6405454853104058
491,0.8809160312226644,1.5998816928758497
492,0.9067796529434831,1.5788845813670649
493,0.25985231989277,1.1495212336756158
494,0.3031761306929539,1.1197701606453467
495,0.6871031786202945,1.4061680790467082
496,0.1335218179912041,1.0000492000988608
497,0.2351413748755118,1.1257047840818053
498,0.4044591625810423,1.2056824306213814
499,0.4670109986219202,1.2713579332757659
