,0,1,2
0,0.24998859378002958,0.15080410141809542,1.508446126394587
1,0.7995719677131561,0.3226070058387185,2.5015063635015284
2,0.7041982436315373,0.7275399141035732,2.9366576107447684
3,0.6611639756236296,0.633075614534395,2.745092461953995
4,0.4095012687983287,0.14981233069739142,1.7825107860415699
5,0.19324942957863545,0.2751546261600195,1.557330599940757
6,0.4797977114219468,0.8579364099336512,3.173465316105246
7,0.6540831732590298,0.23689948582485454,2.137796790568579
8,0.44886141495133747,0.1924881660865395,1.8159145848732243
9,0.5615589133864586,0.12006666056828874,1.9194462437380897
10,0.5660833469314809,0.8992183130915606,3.448023564822885
11,0.9136186527315265,0.35018481879061747,2.9622228653405966
12,0.29361749134441884,0.37273342596458314,1.952123584281053
13,0.07507146792700925,0.9509393811953095,3.400252406024524
14,0.6583191347863855,0.635374516513364,2.7625885312686576
15,0.28881772533735595,0.008461309387244542,1.6346026955888073
16,0.7341491137042528,0.6485700449990737,2.9364250302402466
17,0.000641886543322423,0.20412285091841287,1.409553449725645
18,0.3784323135092682,0.5807936697211672,2.1941442422261006
19,0.6679424852405633,0.22857892871721286,2.2689677611061474
20,0.6313864415961862,0.7780436221983303,3.224452199255704
21,0.38308190229534145,0.2392426854037597,1.8312442405988472
22,0.03721620884066834,0.9936080208553189,3.673944032112644
23,0.1165975254170446,0.3680661292876164,1.9346920950418642
24,0.6468802526921751,0.3565445661377542,2.2347030022855074
25,0.6251598766882045,0.30277595463846374,2.008089568318608
26,0.1654347014811247,0.28802821431031467,1.7101348481590826
27,0.8816062802057031,0.17014577206771953,2.5871712847433654
28,0.4543092410214272,0.3938228077898458,1.9744755779673928
29,0.3509362825952145,0.487750936809791,1.9443156672418367
30,0.29394647524843864,0.12810282488870506,1.627765502906429
31,0.1687057292686992,0.1736239140443805,1.4757494163444582
32,0.35321042786081236,0.9253973061753182,3.3382870084910174
33,0.573749396426575,0.6899675774306949,2.830135624815195
34,0.5043612325619427,0.1856523587961737,1.9498930525870986
35,0.08392754178082884,0.9531512244696025,3.3130939330909674
36,0.9994653581675846,0.044695349624208514,2.78972864378034
37,0.3185100780390664,0.8904667453658177,3.31591980175355
38,0.7386359587353588,0.2331545066896874,2.3636841800684505
39,0.504081472560542,0.8801297621279168,3.403308164656483
40,0.07315041661584254,0.1070142214652724,1.4444444931184923
41,0.45866428788953295,0.8709141209995508,3.3290703401747557
42,0.8719186408394032,0.452909642744188,2.932319499140838
43,0.03983891553282626,0.5653535437329934,1.9812876185906418
44,0.5437697779781948,0.7420822805082332,3.004613847740471
45,0.6096282911220622,0.7508885479918969,3.060470269416164
46,0.45747814286148925,0.03359615787315329,1.6631771237247885
47,0.6127747002316035,0.72003279813131,2.950163569826412
48,0.7987063007143111,0.18581137647473045,2.475487394936424
49,0.8901726144873837,0.26103466467732495,2.68204303758557
50,0.914601285452427,0.6483643880553761,3.7133133366150126
51,0.9936250967187569,0.4301478425398195,3.631684774570959
52,0.6910667486725445,0.3153235137664605,2.206729611743942
53,0.5637070002254229,0.413687524491265,2.1794018861663274
54,0.3010512899122605,0.9787996220123143,3.9471525512605097
55,0.22671608127582576,0.46273486406809317,2.067846411385926
56,0.9472054813148061,0.17155926978538782,2.9031852337462962
57,0.4932497150642883,0.4878973732954929,2.311887236168724
58,0.8849838284975302,0.933175902190929,4.383667379456444
59,0.19281538629001838,0.9671316053427922,3.530336239422195
60,0.5661812409198836,0.028641475833796837,1.7560000324648006
61,0.8151297634528457,0.0019091836171569732,2.2991474803698257
62,0.9155106793679488,0.7668241381567797,3.7225870087409807
63,0.7424680104294273,0.8250694823112439,3.658882695042435
64,0.706572738197113,0.2122595533487327,2.208981015657904
65,0.5659217615067931,0.2708233877827235,1.931033519963296
66,0.31918672716909424,0.8037340176988437,2.7423824452153918
67,0.6800866244895959,0.621499852459643,2.8709776345302838
68,0.45832133698870725,0.7563922419869461,2.9250948057552293
69,0.8896727474564409,0.9704706014883318,4.634925098539952
70,0.9645275771527083,0.15796017399675188,2.8484006706722123
71,0.7614374188773372,0.018499458224306875,2.224116324310791
72,0.9621191703974529,0.32927003708880886,3.067302811331074
73,0.6024522091721969,0.9742222879052026,3.8345060656807157
74,0.27353570327612664,0.4840508925758913,1.7783470283083938
75,0.8725623569717167,0.8298063240247332,3.8786736347451054
76,0.9706882132489085,0.4202175042405327,3.189087043764841
77,0.8659409508662226,0.1523757200722171,2.6258514772122674
78,0.6459900887481093,0.22677062760879352,1.995951168677465
79,0.5151701207014944,0.04461073736043586,1.6016803095629282
80,0.319428981191034,0.9484230615780178,3.4170216866077583
81,0.4194010524026742,0.8023877133732129,3.018382976830351
82,0.8228544169068117,0.6031538566364637,3.09707170582868
83,0.1121421476424399,0.6136951941925172,2.120890915842117
84,0.4154715272919861,0.11601485914286658,1.4856678901470013
85,0.14148343307420386,0.898593881930698,3.227930829525325
86,0.6057521346235014,0.4406815895625191,2.3338449591307686
87,0.5965618516774078,0.7690367328927279,3.01122044782322
88,0.19643356949992508,0.8610358919680671,3.1082060713917916
89,0.21775125845665644,0.8598606518534945,3.161504017370601
90,0.7477341049241727,0.6366478180703269,2.845207320241593
91,0.06594295745124923,0.981702719116475,3.552533195379362
92,0.04744753049191075,0.8004373820044011,2.788444377569415
93,0.1675269993951699,0.260372478648893,1.4587009069366053
94,0.36767136385577925,0.14712688015058295,1.5438896835799607
95,0.6373068846204653,0.7345153505139311,3.0599835744382697
96,0.7531890246186652,0.23900321209299435,2.4638774277652624
97,0.5022661737514482,0.8101514046038473,3.0870243836961504
98,0.0976672757407403,0.23153658265514987,1.4318650036420997
99,0.07799956278896014,0.5101116909688157,1.8546246419197008
100,0.8000158620902886,0.8113919682909758,3.5003688476568344
101,0.6765155531725688,0.24445105609628281,2.198161235663034
102,0.052081065294870665,0.319838244781942,1.6193479006750862
103,0.10370461884371296,0.27344156489136606,1.6647811249583642
104,0.7972878883056752,0.15807753877606234,2.4588528680125896
105,0.08056100594671689,0.6857535195830461,2.3260063141850162
106,0.3999847006319627,0.05805254064100451,1.6375964915061643
107,0.1101169737063008,0.44663420413225474,1.8727270344093165
108,0.17062860585458672,0.3188288070668396,1.7302279762510675
109,0.6017977057831949,0.4705364861029535,2.4204284346319564
110,0.642843317901826,0.12541680875575312,2.1091886997938167
111,0.8429442213295985,0.8577866263902033,3.6439468670863917
112,0.7461327936634541,0.002599193879777806,2.0529984505115713
113,0.13072466508792835,0.2160992767608504,1.3234687441555568
114,0.6481593317644763,0.9674306852551967,4.0523978297138346
115,0.9735501442716836,0.28023812043006147,3.0502667879032446
116,0.37202029786351265,0.9608972115158854,3.8136496834484435
117,0.7393421152079804,0.27476141703723234,2.378731537443102
118,0.48986561318481125,0.338907102437658,2.1194185596572037
119,0.8304550684917756,0.11890342639177587,2.496683515717002
120,0.41705805648225813,0.664948375646424,2.6420392593946938
121,0.4431571051864872,0.45809449279651215,2.1482479302074373
122,0.153695951939132,0.3372140838586516,1.6277061367257477
123,0.7272371744087085,0.6836646112897904,2.8977900691952296
124,0.7257394052637816,0.5874369101490073,2.749746927974862
125,0.19970129407701565,0.39864535911491306,1.894830644113464
126,0.8080462006303897,0.597916012582287,2.87714968720413
127,0.9885411394413015,0.04887961523987694,3.03557479290363
128,0.5572407990755766,0.9156118909372969,3.7515717045407
129,0.29192035107363146,0.701713706040959,2.58376325377381
130,0.11221083203991977,0.4177865074455802,1.9035871060814935
131,0.4754053712124202,0.2849146543250074,2.1366446995509074
132,0.19365751155229693,0.7643898137005173,2.545873534218122
133,0.12682493907239156,0.16862043661667836,1.6924163885561372
134,0.09950882064944244,0.5495131224695357,1.9902569022966676
135,0.8981183616673656,0.411301493841717,2.985946510194436
136,0.48387061488899563,0.47978318578902046,2.180994378877911
137,0.9120893658905823,0.8049146839047944,3.9097859073055474
138,0.8597302891329833,0.8545728404571507,3.922953563338361
139,0.9443534201987299,0.9072760050996544,4.571603722778806
140,0.8210142723248008,0.6283228613463356,3.0967385921298645
141,0.24273688252079795,0.9163734403619881,3.3725646050128835
142,0.6316613458893398,0.15107535698305585,2.0511374159341873
143,0.4501116232041741,0.2783124825144455,1.7672668164263043
144,0.9023917294628714,0.33443015918550945,2.873407944792839
145,0.30916046866683145,0.8236813552040907,3.032893070854093
146,0.0295335824882752,0.029840229451271294,1.246682548557305
147,0.3786685750861525,0.6815941076654377,2.4713837170944117
148,0.8535315917307799,0.6449167904544196,3.2054974769213938
149,0.6432814437672117,0.5120222981022253,2.7416340478458507
150,0.24421637208823732,0.9618418011325982,3.5787453369778275
151,0.2265987743949981,0.5881323239410969,2.2125213712175023
152,0.8575302628424185,0.19418682804127152,2.531017543463608
153,0.5472504501533676,0.37718610967925614,2.0647979258894136
154,0.5200603641458522,0.49212318981243086,2.301298402541134
155,0.9132760908458899,0.567222074769145,3.3051647151517276
156,0.6698284463812286,0.06297435407198482,2.0315463374551843
157,0.005076490782701448,0.4479515392600296,1.9863027543408087
158,0.6447045702298455,0.7954581542521607,3.409754124887232
159,0.6086954763240624,0.8154410580798807,3.3105445411655086
160,0.6988751054368955,0.3275148945410561,2.2100921163624365
161,0.29431409208052794,0.25937715106434167,1.6656199917336076
162,0.48816285529782566,0.5758588153690706,2.364806681206111
163,0.7558172153203372,0.22359496905515308,2.1612013016173353
164,0.6943195492181427,0.5041591412340595,2.6302951004737234
165,0.4106164208217401,0.712522119625431,2.511502848810675
166,0.6818875745135048,0.7269633259135695,3.095060539795924
167,0.9482296110633709,0.5687315719208359,3.4231458978569704
168,0.7832609162442803,0.93872263611426,4.060077495562011
169,0.7984725889479403,0.11059497816595387,2.455965030479536
170,0.7377291445492419,0.3204023478887722,2.4739001540267043
171,0.15584683775413322,0.12870910470326136,1.465051102428003
172,0.6712069543240339,0.14421942634883145,2.216884767083174
173,0.2524688120479629,0.16648805002204314,1.6596349425560444
174,0.00814179239589774,0.7828637629548335,2.4605250743840785
175,0.7996890885613744,0.44337035463128205,2.6564214092680576
176,0.3978682747344442,0.3693377168882439,1.8206427525762736
177,0.13885318006064018,0.6208705085153794,2.157097860650709
178,0.2976622177394066,0.5221380015826715,1.966216190882954
179,0.4270400361466262,0.6561893568764491,2.5193012195352336
180,0.007537956799712253,0.4199583191397104,1.7864396284242008
181,0.030849144705822562,0.0391348634905051,1.3956630675993504
182,0.9907601218211672,0.25177431297215147,3.083593625955445
183,0.6985544016822167,0.40286512664985363,2.4663219774653187
184,0.21620686722044002,0.8201204750672954,2.7909943123191074
185,0.6357273052851218,0.8647288872829282,3.5801238582186166
186,0.8299083786233489,0.5985242570993975,2.805246281602193
187,0.6628653466053296,0.4932960050570603,2.477592763155746
188,0.8077089461652099,0.539507894249419,2.792432149384587
189,0.7743456047113977,0.23300086781104978,2.538318072959314
190,0.39567067046502535,0.8387783558145162,2.9044921418596927
191,0.5319426463387509,0.1464337752428042,1.9372127566699036
192,0.320313609137287,0.028783186853259424,1.400613383411812
193,0.2247227418715696,0.23747621682513964,1.6438489952542077
194,0.4535657166207532,0.0006605966990976819,1.7513817842356356
195,0.04033382662466478,0.6722048912876334,2.1446333303391323
196,0.39153117361063394,0.8263860748041192,2.9071410643187328
197,0.5840810322263528,0.28609850596738606,2.073526014805621
198,0.9180261836765549,0.1763617892427174,2.652622372694018
199,0.4075458548355064,0.7738261158893033,2.8166164953866657
200,0.5935968347536489,0.5382062025110269,2.441730330691134
201,0.5514586075098287,0.12227115397701915,1.922924129839215
202,0.7564195918184536,0.5858585355589265,2.8609033674255056
203,0.0833985004263551,0.15556607560813895,1.1828548797080458
204,0.591029559457,0.24948956448030335,2.273392927978022
205,0.19748931243416512,0.9722973495085921,3.6582603171391095
206,0.5974254438377308,0.6267874353473516,2.725110047278702
207,0.28103356742471275,0.9162439336886787,3.3429727968218113
208,0.06565530656913243,0.9318501860655605,3.275940538060341
209,0.9052986549921179,0.3671208891049532,2.854986266085009
210,0.5306681139158141,0.3711209828751776,1.9222115650979392
211,0.18288292235725478,0.29366182183495115,1.6682837405166637
212,0.942448187519202,0.34588045759321806,2.852535517443546
213,0.5368596596377695,0.5053337057212631,2.1716916492135927
214,0.6284901809167853,0.49979943490735534,2.4786268931537068
215,0.9500820906494187,0.46295272746735694,3.2883464545564034
216,0.7333567517207058,0.3152001145790241,2.2185988473946003
217,0.8049677714374626,0.10017060226508112,2.33844635977203
218,0.7661791488336034,0.018732678184653295,2.1509509990558437
219,0.2120600912400623,0.030973735665281277,1.4207482559795186
220,0.625203674574929,0.1767030646920753,2.0426422193349802
221,0.06918065730490908,0.4418808496257943,1.8092018775203702
222,0.17839057549210535,0.5360030032298201,1.9721653900645033
223,0.6318596793512117,0.5845382860899241,2.6384917532856464
224,0.9816879113542301,0.45980163662212237,3.3278127735505505
225,0.6167955519485242,0.252279657110443,2.1006990251652717
226,0.4664446480260942,0.38793498960089734,2.014615756014327
227,0.35521765780278103,0.3473937340662512,1.8406332148610496
228,0.370733994422244,0.03814859538509063,1.4360016530295883
229,0.06844185271253045,0.42342874774907013,1.6539131430691423
230,0.6969018056828837,0.05741591864517659,2.016437025134071
231,0.5280715177420918,0.4077020908700333,2.1031053571767093
232,0.3041554823320821,0.48449593752000064,2.1335805786672717
233,0.33377172065630134,0.967753650091834,3.5983122123883278
234,0.2992803649120823,0.5490206103119584,2.059338089583171
235,0.3854345907009823,0.18815221640372903,1.6816017606886957
236,0.42413853794940326,0.08090682645033631,1.711542120609779
237,0.8610666026684062,0.3826151823808355,2.823839998730047
238,0.08194247118610909,0.3410951729455014,1.5643106712752846
239,0.008137374944070297,0.7800833796321719,2.504559319062079
240,0.6783191225836163,0.1407141326283048,1.9764857129579576
241,0.13163568352964738,0.7442885957562574,2.480356686531757
242,0.12731575630044079,0.5050903156723616,2.0072679550064403
243,0.5128431835813786,0.25974265036987243,2.18106396960781
244,0.7030526742538432,0.8256456651931091,3.598171975424013
245,0.3717634781150875,0.8577600778567049,3.246558754934105
246,0.014884337479997622,0.325487879440157,1.5100043593088521
247,0.8993296487736103,0.9089890288184267,4.275064915137532
248,0.6252512708133809,0.6056173003417634,2.852676453266522
249,0.841871899074905,0.5768345792875446,3.0384769526155204
250,0.723678235548609,0.19661682385788104,2.0897114858009926
251,0.5315093907301401,0.8371102433926713,3.0447049123646233
252,0.714660833572621,0.35018339695910994,2.4229576221695672
253,0.965090231607188,0.6036182100824419,3.683965892406887
254,0.40197542005223696,0.7977745250559122,2.9092675244408093
255,0.8895934877575273,0.9652866216042051,4.850149294598816
256,0.7811934519556143,0.5746173293313422,3.1365417170263368
257,0.38409513951018925,0.3582946670437842,1.9090422781363472
258,0.9081640084272254,0.029529244820573064,2.6304134112039015
259,0.9830209356894902,0.16784651555771024,2.9964055345494156
260,0.7368907020536083,0.7251795295714347,3.1042451531649116
261,0.34378674638686446,0.12760661889217118,1.6282452392057898
262,0.16377420609222537,0.3766800646773054,1.6775144140669773
263,0.11003492555536099,0.9204285909846531,3.187579556227951
264,0.8308449751818698,0.7926499109203993,3.704057492260082
265,0.9022610332244612,0.5150713184996307,3.166872404880452
266,0.9294781871744823,0.6788447822339909,3.5305647033392757
267,0.6765848625362205,0.049380409447027596,2.122680422894065
268,0.5657677317335309,0.5539587582971155,2.4145906803214094
269,0.7051021402673107,0.6566092997792938,2.7413388856978114
270,0.28695111141591745,0.7621377650507069,2.736737610704328
271,0.3500153890111256,0.7344044804952222,2.5377539227897814
272,0.5746913744570818,0.7966963715661242,3.315538331233445
273,0.3425367757723057,0.567366004043537,2.3331713091609374
274,0.4843839567383327,0.9646660756482835,3.6389550941338356
275,0.8400144874935715,0.3285431802534039,2.600954468381775
276,0.7386469349070373,0.3997227847576196,2.5504310412471156
277,0.809359134543094,0.6582149372263753,3.0419150979449654
278,0.14735624558297922,0.06314978017444606,1.321801010480143
279,0.7100960686665606,0.27510036300710694,2.392751897598459
280,0.0834647223413818,0.607911907403069,2.0548542647167976
281,0.5535496259237476,0.5318254484304217,2.342081581826197
282,0.7190682940074776,0.7769897573416594,3.175597736964554
283,0.10040437488883147,0.8283876264187295,2.6491248522757957
284,0.8226761011698291,0.5631418480043028,2.9366272579106165
285,0.9324593399509137,0.6310754028381212,3.4738470456465764
286,0.976805604379959,0.6274017345238098,3.6021519278188388
287,0.5859391361349284,0.031140725510686917,1.8191267811473693
288,0.5278095416492512,0.6801869915824068,2.8792291291696794
289,0.999855437717,0.6553622336930093,3.9161898270712707
290,0.4739467647254393,0.9106588345387041,3.4062202283877117
291,0.9047485359175451,0.0933452828667456,2.5831326133966908
292,0.5461574236879969,0.4942388103603388,2.517446763460595
293,0.7389795824873251,0.2758603102272589,2.276562103750803
294,0.40104370600295247,0.6577943740869646,2.3749445315341164
295,0.2030970174529374,0.7707788483351028,2.6739813561279435
296,0.5702972928819029,0.25695293131257724,1.9594984749158904
297,0.057821860898894295,0.07605486114068749,1.510833440472511
298,0.54098295837698,0.9308145418755004,3.671551029613743
299,0.6816953357954999,0.6821959079337904,2.8353162664000204
300,0.19435723803893112,0.7443674272779165,2.606991097597532
301,0.201170227560168,0.03328128381374007,1.4376475924183265
302,0.25287987583420923,0.8339796192880544,2.831085857614462
303,0.6682500650818759,0.5574047999669319,2.714491508489608
304,0.1647164375823904,0.5809410331775899,2.052219164926268
305,0.35943937839917295,0.9094094409049234,3.4132157104421745
306,0.28674174888762793,0.7106454113752639,2.687707995127319
307,0.6173969392778648,0.9706775339256407,3.9465004945275797
308,0.9112880619527469,0.6907233352770267,3.7396754615511343
309,0.2654565564959208,0.8668058214601981,2.7853795710229843
310,0.5643411683798076,0.9915151305052582,4.321679362587261
311,0.45493866900403623,0.9355250800289813,3.5317007494186448
312,0.7599213406244182,0.5457288232842707,2.9545147363850655
313,0.26006415172537767,0.8878931252817869,3.254104571547545
314,0.4875795602211873,0.0970082277483838,1.8673235542877893
315,0.3598121449002397,0.8171639657980194,2.848306076779966
316,0.05252691694842415,0.16057454442186703,1.3822774912571543
317,0.6517281024675692,0.5136211856094641,2.552761190595541
318,0.25099861824949365,0.7931017334039251,2.824223811615699
319,0.9590175028282185,0.5538480244369003,3.522178282733287
320,0.9246876868528822,0.8115650217077361,4.0461609305164234
321,0.9519160494007933,0.44194308039364383,3.299817656337366
322,0.2104802483684487,0.7660002738126273,2.6093624110901663
323,0.805540894742183,0.33924645832858424,2.5750872860967715
324,0.0469987573600551,0.5428647724726837,2.070785976607482
325,0.4553047369471134,0.5179509512116136,2.186380660787965
326,0.3917461772084355,0.5296607703350191,2.305931216576306
327,0.9515951147952573,0.6526710318591677,3.581167400415533
328,0.487445284935066,0.7199223480072877,2.634704739331463
329,0.4131623315062629,0.23845734005138675,1.8735962461275513
330,0.2185598458784448,0.40165610795472373,2.0265549482848835
331,0.9320365901245427,0.642337342146845,3.5406917149489905
332,0.2478911691130523,0.5735513803360559,2.181440555195245
333,0.629762206327427,0.07784174272876976,2.034314698779533
334,0.766979337463088,0.9776067803246982,4.436432821985634
335,0.8827746694331339,0.921205362968821,4.254358950420849
336,0.3733319297177067,0.6740014298784108,2.3278875000166095
337,0.9206831437682514,0.5075271680340139,3.3003424003741153
338,0.7182347228242147,0.04078088545191605,2.065143632828338
339,0.010941001603088973,0.15213963998195534,1.5573485285465047
340,0.3564466406739092,0.24470011772044553,2.0499847736832377
341,0.8533047416270173,0.6897176906608722,3.14913182703572
342,0.8150121316955007,0.05728909147563854,2.3378972506032594
343,0.1904713977882081,0.7168786913560004,2.5570819357546517
344,0.9652256361546915,0.6702115868541203,3.621735746447539
345,0.1690456658352496,0.44145989445410583,1.9251412333737858
346,0.20169112244970788,0.5805152375826057,2.242995847699908
347,0.07535436802303075,0.23298265756869008,1.3868562053259343
348,0.43977607689184295,0.2884397042836232,1.8811379187402808
349,0.9003589701847206,0.6036854887172975,3.3165876057014785
350,0.6382708323630524,0.7719549044525018,3.0506458325424317
351,0.28051173515754346,0.3782158598162738,1.7615457759968982
352,0.6488896697353966,0.131520376534361,1.8737539618737082
353,0.9641130309517565,0.06675200017887495,2.827726248720026
354,0.28636389470310264,0.7810318810402811,2.780900615693913
355,0.8574402375413086,0.5968724700565031,3.123096308567306
356,0.576604727016866,0.9769592971866737,4.128937634867309
357,0.7437714906744021,0.22792247693503953,2.336921494415519
358,0.16426223505818704,0.9834015731126983,3.4258083933291443
359,0.9878612910986406,0.8288283934682347,4.310410795563933
360,0.08215314179812039,0.5690649167373265,2.031679329091175
361,0.8513462991220825,0.1397175930946073,2.466612245951786
362,0.7839541131964459,0.7833425846244778,3.3416460525322966
363,0.48732501989188937,0.3892361633135969,1.8947452529777453
364,0.11496241567127874,0.37646927629680893,1.718096195130698
365,0.883743669039598,0.16992317894369247,2.4893967744266963
366,0.1175146864702259,0.3671810333028944,1.63207435278536
367,0.17672686759830658,0.5809543909989763,2.0704346708296786
368,0.021860082793880853,0.03393773685253898,1.4981976559642354
369,0.9639316105635568,0.1668810717077649,2.938797897500969
370,0.24656410322339817,0.8161463655654503,2.869859543066678
371,0.1449968764299372,0.8805219244759194,3.0789163820436913
372,0.06889191888549528,0.9811096936637377,3.6153900229383953
373,0.17651948351900604,0.5786724659873701,2.199536570217966
374,0.2503859402552179,0.6775631700956688,2.2965600886430177
375,0.7785313845877689,0.946313307746901,4.0460475071827835
376,0.05816942451976759,0.09627493001476406,1.478089899229218
377,0.2078089672295501,0.3746406813868042,1.8796702326763994
378,0.42969997903078627,0.6595964507647569,2.549127130799376
379,0.7576869995619413,0.6213142585560412,3.067145139324645
380,0.1527421803737149,0.9666154205543207,3.5483410509927817
381,0.007443405503020473,0.13390368467118707,1.2070906065394542
382,0.43417489589612435,0.6480620086365352,2.47466437401267
383,0.8705303303495197,0.7896518432638711,3.881830049895881
384,0.7649832379305489,0.7244472553047756,3.1591207457316144
385,0.2264136906492108,0.47473204738377983,1.985524260613153
386,0.06210717886571915,0.12590995764234603,1.3610919489108264
387,0.3919107928207628,0.18679589780786243,1.607405788847485
388,0.08365232674802126,0.4827624829071573,2.012096020057092
389,0.37707074307658184,0.43328370919561565,1.8448970228373303
390,0.07380296533120834,0.7671795738944561,2.4674336679035034
391,0.9879833414953608,0.8831500848060139,4.623609350628107
392,0.8673297875078487,0.1511589070453947,2.448183239085019
393,0.32929048083549817,0.5319403095981802,2.0916438391810566
394,0.6903695860294969,0.9049333801431694,3.832998098276096
395,0.8144209194064685,0.3596142859857141,2.6684622170564682
396,0.3989519092525031,0.4051065003789457,2.266214367238952
397,0.4100877809429413,0.6686409775339013,2.5465255910024225
398,0.3648230547657667,0.04325653240645966,1.3451327785704101
399,0.7317888912376311,0.9664070537891034,4.137915834099228
400,0.32844493420510334,0.7586398569720391,2.800905799461364
401,0.7940501877715069,0.7575630566912274,3.29396639272505
402,0.3405313908375742,0.5976291326646833,2.332264806691512
403,0.7385136504962254,0.2924636947100294,2.3836722520741307
404,0.3517543254122043,0.934006587600817,3.4323451663902222
405,0.6057843903224214,0.6925821728141999,3.0259835165199247
406,0.7366650570443845,0.8445348315125981,3.565946979005894
407,0.7075335588415615,0.3109037516721146,2.2050938798873716
408,0.6451372333315112,0.9388151408108293,3.8188602549670714
409,0.5775469027134333,0.7103908041147645,2.8816626509049446
410,0.5464705175868595,0.3047564360530516,2.089846726852047
411,0.34632863438486616,0.19934991280204195,1.6570994792511322
412,0.03127287964038805,0.6909342372325897,2.350380384444444
413,0.16874794194667142,0.4711517019077417,1.7263903957642657
414,0.2862286858306803,0.8778735657864949,3.1268375722274655
415,0.5007807134596409,0.8305599937024778,3.116105042029168
416,0.040880347973806797,0.9281972090874666,3.229812597941656
417,0.7054854327648394,0.1432195004121164,1.9278944277790735
418,0.0037084788572855354,0.13958140541520858,1.3473804419314026
419,0.7056497182822108,0.9638835817643858,4.082892284541208
420,0.37656858138115035,0.9592578316332834,3.787939537759051
421,0.7029388115180069,0.7992612516839631,3.3160356367654082
422,0.9072139176056122,0.8487032626838207,4.082004787707041
423,0.7217418213639812,0.8878978315924964,3.7593529662672194
424,0.3651510879487577,0.8184234672228091,2.9517471513991476
425,0.5847553189114355,0.9060993147845616,3.440530653065075
426,0.049525963358828085,0.9948781476357595,3.7974555768529132
427,0.3636468413229351,0.1954796503523123,1.7961021616706887
428,0.9427438635518286,0.7339733470170131,3.687044854980701
429,0.35558918917510507,0.4450876916907255,2.0140744795989485
430,0.6910236891989183,0.13262935835375922,1.9891560509939767
431,0.07349902571965161,0.12733726029966896,1.4660899873225883
432,0.014321684137524104,0.9064495130672894,3.183841243002773
433,0.23681612438768285,0.8642716924898005,3.244650360860606
434,0.12831054330260283,0.7510384120777666,2.5260726729651295
435,0.018883008210124008,0.7074845924535199,2.343695490291164
436,0.04835757173398192,0.6444179960646355,2.015560825333454
437,0.5752498040182966,0.6247009895559299,2.524733840013247
438,0.06034637876318649,0.6400178516137953,2.1584273262570504
439,0.99775695105614,0.1435681458280763,2.9764621390145702
440,0.5544962047133143,0.9682223147022825,4.08741898940169
441,0.11062436488276417,0.26121286618708806,1.6382569372061007
442,0.3125984236400603,0.5495943998125457,2.1509500601877805
443,0.11641053271583801,0.6019642820604387,2.054082571104613
444,0.35218710417462684,0.2843055046311034,1.721804319341292
445,0.9891748066961217,0.3956119351646823,3.3087090116277555
446,0.020333260324648994,0.28464419881562786,1.640540168648388
447,0.37835242032526417,0.35932264855675144,2.2102046242241773
448,0.21100622679387904,0.7559198200032299,2.6795571068992263
449,0.5526606522236818,0.7992249178691496,2.946768891275537
450,0.5198632308923098,0.6326634081368651,2.475616897968735
451,0.9436548111299882,0.28072288499133313,2.8824446167791025
452,0.5725486294663132,0.854563084608479,3.1667400116887015
453,0.05067514943357321,0.22344060453840087,1.317317368976645
454,0.674628566612874,0.5169809222159927,2.5752741480516255
455,0.19810435756895883,0.15410305705650962,1.6708291305253553
456,0.20210915501956217,0.5970851996897688,2.2685580252616955
457,0.641195617105014,0.35158611765470327,2.0283397964056906
458,0.935360953697133,0.5874094666723477,3.258616655937699
459,0.23000987656697758,0.8912834396327567,3.101080734827736
460,0.8351628162039746,0.1332239330828121,2.467421234063237
461,0.966557500310769,0.04034095595459475,2.82942806578204
462,0.19575450585325094,0.8427803924032415,2.8781275389681107
463,0.32557196365741103,0.8258470244892224,2.946426850372133
464,0.4993846980595388,0.6752374948619685,2.6573194844023185
465,0.9818291442236229,0.9670574906026814,4.966387155503135
466,0.18328785283610616,0.056597052970514095,1.4328633732673102
467,0.025327831003128853,0.5113555705046609,1.8827855048047493
468,0.5175129301941102,0.573674319581577,2.3887387804714004
469,0.30788000818469574,0.30352993816629337,1.9844834001021467
470,0.768288333896966,0.52124946408474,2.908384583244322
471,0.5626853197055066,0.8539313967859086,3.5003306263098257
472,0.5287839180505931,0.3669246778834748,2.0006289966315207
473,0.0685475343793116,0.4854921242864243,1.8208433541866094
474,0.6755737365648317,0.29192976700380535,2.3947695567913403
475,0.7930232227461088,0.6617665320079217,3.114415933378871
476,0.8205952975856202,0.2692078573951333,2.6128226383812976
477,0.3044206547901367,0.5374266783310606,2.02497345958634
478,0.20161506923367,0.32817355807615045,1.7439324325957115
479,0.7615190699070633,0.3089077701040721,2.354887888448632
480,0.5396939746418317,0.600932797945709,2.45885589975224
481,0.2619841470699875,0.22801175682533303,1.6643099766067575
482,0.8322061160429381,0.5395852733568525,2.9990521300162087
483,0.1336731694824126,0.5105206296740539,1.9767428900607689
484,0.35903160879221274,0.32454139124664305,1.8796660891214383
485,0.8876767548881596,0.01229661632633039,2.416657351652766
486,0.8342509126620267,0.9373484587757654,4.35007781054746
487,0.19758540988035989,0.10327467892867015,1.4112711799965196
488,0.8307945124425584,0.7480569294371492,3.288874424408691
489,0.35735915770546833,0.8073536303958029,2.932095873592723
490,0.05437099048393146,0.991693481192251,3.503719551272552
491,0.11029294227338748,0.5658643109495938,1.915662238881321
492,0.49384511309868473,0.487039519193045,2.2500615917079547
493,0.6035239453045891,0.705699103050004,2.7684419654091044
494,0.5761223391377082,0.002728924229673746,1.9842199388589072
495,0.5527563177337866,0.24741383203059475,2.0022297923327406
496,0.8303012891833382,0.2823408479689523,2.712121750746589
497,0.8473085400176812,0.3649273428756471,2.7244033865690107
498,0.727983377784203,0.25084040077427017,2.4414412159812118
499,0.24636025056429856,0.07752787552714613,1.5252548845615967
