,0,1,2,3,4,5,6,7,8,9,10
0,0.6218526713833828,0.3919019039891164,0.1941688190185651,0.314089990845166,0.60392044414768,0.6190301742446986,0.9715858849944975,0.23136342842366087,0.6467381362562654,0.5699724436505854,0.8162740921940005
1,0.9711223763993615,0.4069793983209071,0.8665826632537055,0.3752903319098262,0.4392987628180701,0.7551294625406964,0.7656683911064402,0.883697320106874,0.09909312551176563,0.41047881156426036,0.7825318033590962
2,0.6535335769055414,0.8201392894505217,0.6844931058140151,0.685021762225574,0.945300530567607,0.9537024631332212,0.2744215799347469,0.7129692839235588,0.2922907814157396,0.3881947793400974,1.4208209077590628
3,0.497649387771935,0.4565338088015024,0.9229746987391141,0.9613091480157193,0.8322080431638951,0.5719312308576394,0.3008681742195919,0.867537832146357,0.8918701196838286,0.5290138646215333,-5.450173839378106
4,0.27910812117768324,0.4053256963291286,0.029459829896182232,0.04523808286321673,0.251075007037594,0.20293952831284923,0.8711704890935559,0.6985937123309817,0.8817440394035191,0.0984162069509742,-1.4167622014441168
5,0.934157020757452,0.06301739883185598,0.5044093979017114,0.5467748429185229,0.7966553641994611,0.6697831756128932,0.7977012042510748,0.034094293535946285,0.2523162969209982,0.20277965633609008,0.6982686421263873
6,0.5233295806305311,0.646109254637784,0.2571998420047348,0.927859209292516,0.1529423860261877,0.2835557596120878,0.838134101212016,0.7804208660992963,0.6977074315683675,0.06635228161741769,-2.0430033174246773
7,0.3918519963565721,0.8397318148577446,0.5188075069994814,0.6677267134103966,0.9948075986360041,0.8885746154228884,0.7305903329352927,0.35210653638595757,0.5618514466345033,0.7372974169965082,0.6335227652220278
8,0.8775631612123302,0.8108108041990592,0.575306913623349,0.6611357751289093,0.1602811186477313,0.5891608802554538,0.8335594043388602,0.38962380870231994,0.062495357109141225,0.3600376466180192,-2.1185221502626033
9,0.32577133197781993,0.1290346773338623,0.7764561827428229,0.017761520965603017,0.4515442908309135,0.39889411735347846,0.42600074988006265,0.020191241160614326,0.10042428782493407,0.4133227189348956,2.6557851887470822
10,0.17771600814712873,0.6957686528497649,0.14902756328514788,0.7586338792564019,0.8052375820115533,0.3670207919333248,0.7664733050482901,0.6493672694001283,0.8431398327092374,0.3897900035384041,-1.0758010384483665
11,0.3927661741758117,0.22976107426133707,0.25312516263419493,0.6693207481786718,0.3227435979181448,0.6865139389685023,0.7510623341416464,0.5632055878358763,0.16654995959800534,0.632685970414345,1.0981699857293812
12,0.38630790775280555,0.016870959450244638,0.24952226666854738,0.5672248305891001,0.3382252079416007,0.0643687248205802,0.5812111222342424,0.93505498633449,0.7330391458070371,0.9595955421689873,2.2724529154655504
13,0.204539105525265,0.4981984182391973,0.9383827623810117,0.2538068479129326,0.5789835241775255,0.38103911592119166,0.18783133173590882,0.10909137121748236,0.41728119226263505,0.8242835647873221,-2.8666821986617257
14,0.019684090110418384,0.44692094882319167,0.36046394645016866,0.780335285069338,0.41785824960928053,0.8219480593870193,0.09370128361042873,0.5309713603082667,0.8652856549342958,0.03384137654188546,-0.17720210346136567
15,0.11401789061302559,0.10853498116059834,0.2617264487516948,0.40850952583151157,0.050970743298057286,0.14330018277186296,0.5961302715250779,0.7633862411129493,0.054995388860518246,0.34068993480590415,2.0739713268329707
16,0.589882926180668,0.9667183643269838,0.25879358680372977,0.8849198251619622,0.710220038789943,0.6874990083443309,0.7352170503251588,0.7178264313264417,0.9703763151366912,0.15636693476363028,1.9312342631592478
17,0.3650534302351789,0.5494997263036152,0.35997214120501075,0.6635177595777584,0.23151097062490877,0.46895579612921934,0.6763891099926005,0.5296011151847142,0.7740522331791049,0.019157923879528194,0.7985204152576872
18,0.3739414842313282,0.08468588600517479,0.2965621056902291,0.9357833631531205,0.22129588370040354,0.40201351623167925,0.9889549542352969,0.4610079231255799,0.8458125115573211,0.47301034306560763,0.6823597308742424
19,0.861267993241578,0.418427075431116,0.017246409887030745,0.3421112411165652,0.7900438007613746,0.8226105307403471,0.17555793633906547,0.035638319241445116,0.8741399412822314,0.8654754683189048,1.0172446880004888
20,0.28952516893231817,0.300821781044844,0.3216354026971645,0.4107557157405076,0.7320934470200372,0.7999908544549423,0.1707119076707938,0.9526096075975019,0.9651905870656842,0.12955050489506748,0.5209183459346675
21,0.40767710066408147,0.6846202783036408,0.9565121814997277,0.4827293925730456,0.7154786954236173,0.5303401369171644,0.3883231066319679,0.9194343328563916,0.5633341782691907,0.37437478819858927,0.9156715751674525
22,0.52579334901419,0.9885540825578846,0.9993006815112829,0.8509459870476526,0.6202475720686642,0.07895770080394571,0.5698815080272452,0.8750451805829746,0.6122617296494366,0.8987995588860703,-1.2399988035774947
23,0.561298847982794,0.1818257405524203,0.7816211580396782,0.5595364988814825,0.16045284297238538,0.8513535510729546,0.29256361239592643,0.08380111900688314,0.05101720187361436,0.08017130873060963,-2.8634622888471686
24,0.7562530824793808,0.6524762589894324,0.22663074140811945,0.5884459536078986,0.9819686670736355,0.6362995459149949,0.07856578099722966,0.5779438315288794,0.09115567782159728,0.4986701127542946,0.5620796283073753
25,0.3278001811692576,0.7370462587023656,0.7595706604556175,0.25431788444540226,0.11164129343955909,0.41931844577712185,0.07925448535824664,0.6724467648566546,0.004613280998977731,0.8192125850535982,5.264266408110599
26,0.35167558529509035,0.13810374913395485,0.17494300924798367,0.558264818596429,0.27545521876358325,0.9813382064626676,0.31121413142959675,0.05403057456853655,0.7066094395617143,0.7554053473381613,0.036246595563135475
27,0.7694726555708784,0.01901185053230503,0.5310462055404972,0.16065573423855817,0.9598218244805694,0.7222472614586094,0.7860650900469206,0.7744585775806833,0.27048589304453474,0.8936161566939467,1.2671234822490673
28,0.6836454882851606,0.5399383737823903,0.40451438068321377,0.623827347407936,0.7119877373475902,0.04142569536575824,0.09200158880614162,0.5095784960147959,0.8427742480483411,0.5810719922830401,2.5837915735795987
29,0.19288347348170398,0.9364523567358214,0.1886245522066965,0.31024946639882744,0.87104934376589,0.48676531791729105,0.03799955076364048,0.9046960035184064,0.08853940964637341,0.7622140285982892,-2.3884020015902867
30,0.3781136033358128,0.22953685232311527,0.22801440623406388,0.21805869120403187,0.7106534620144488,0.42232559640328526,0.2935959838887233,0.8781066372275218,0.18829241802662844,0.08084554153508072,-2.699612399565236
31,0.891217800614138,0.2769810836293827,0.5899911928192628,0.9684434356471514,0.8962867506506693,0.9574216600152049,0.5529106893880557,0.8224523824319774,0.2997138798677307,0.7954119256757756,-4.079836862564548
32,0.8466293959489656,0.020003558053367176,0.14366386132490971,0.5646305435369489,0.06198325737046606,0.046606585364654896,0.8773625141241373,0.08536292922453781,0.8144807170437414,0.3500417834840269,0.6363698145176797
33,0.6569380382598992,0.7326448728268083,0.8300271811701215,0.802410620719944,0.8822688791913992,0.7266663386147888,0.059345555701245445,0.4413626323907923,0.592944642117904,0.7289610521899837,0.21628159012983636
34,0.4035587731791349,0.2389221993747962,0.17505589878880834,0.9548427854379625,0.409004134117504,0.8734509387050784,0.5960731912879971,0.5737538272721737,0.0024799862443312115,0.24438379185033876,0.7318024127749994
35,0.19195270418336674,0.5875889646678539,0.3169670350306286,0.9675393883413109,0.04342415303453506,0.7038526898403565,0.8195357255710297,0.5380795266189319,0.26252869709006177,0.7749761156069382,-1.4391335535714447
36,0.15495623642740342,0.6221669648680481,0.6231924573073947,0.14611914458821984,0.39582619490896753,0.31737987149308167,0.08433245937147171,0.16690316756361012,0.8453204082637567,0.4783507643349706,-3.0209936553497996
37,0.34706987757065966,0.19822475150204122,0.015804613217247798,0.7364105701370769,0.5428716432461841,0.6159812034585865,0.2746269689734153,0.86210396209203,0.5883309795786859,0.601318088182763,-0.931152532636465
38,0.13012134379961393,0.032375768945209216,0.15881878285608064,0.231799954112326,0.8650159036638211,0.9017446782478711,0.3954794919214586,0.09976462728348678,0.41860861425056817,0.8534747599370512,-1.0033204742660502
39,0.9603672478530801,0.9533126227100329,0.8250927132106299,0.09725267251792491,0.16149683148953942,0.5680883664072698,0.029545319184842267,0.957275037490985,0.2602648799370465,0.19727107290768497,-2.060589589830153
40,0.12814543036526582,0.7916296804391914,0.48511046934983904,0.8294286388200995,0.8361443007480772,0.15449941316084959,0.9253419398763808,0.2328588183687873,0.8387842112856966,0.3069606652955278,-3.7448932237131536
41,0.58726710354663,0.46189459837681646,0.6613845599799018,0.18686483057464187,0.6912246522770282,0.9662313387622947,0.4606681502764245,0.7686164768539325,0.563151771216292,0.2910184029382107,0.3026609818426228
42,0.4392758576963759,0.904490971417058,0.5570994703598359,0.05213796130191606,0.08964952670025661,0.3419927256180988,0.5219588216043561,0.6190006769683947,0.5057322177874748,0.4366798091588452,-2.9895407296744985
43,0.10100241746405036,0.35083816660096423,0.043493073516624126,0.5109506993943171,0.6212840530282139,0.3974916175520603,0.487550984430399,0.41896657808905025,0.6113086130812451,0.5917670070899657,4.582837384951505
44,0.021094227155839862,0.1302264047174997,0.26631055059374154,0.7873522301823873,0.2319991207745976,0.7253137758908265,0.7831147827932493,0.33391696161569484,0.5179671940646665,0.5485127440311811,0.34768732632863264
45,0.982310977314628,0.9914508480145856,0.9249088592698597,0.4197824524593443,0.5080057694577802,0.20735800788642933,0.7520716796711859,0.627413320848488,0.7823414163910307,0.4801940561470994,-2.063108307688726
46,0.06857924183092001,0.9074404027859272,0.835889633628958,0.38164886885762517,0.9595167732503365,0.7993190512548676,0.9310459444356265,0.9474162507232043,0.8470886105453029,0.05208589058973412,-1.0909205798938082
47,0.5314301619499228,0.44389783834018237,0.8518270780766632,0.4808518407325668,0.5240536252506306,0.9981244184642215,0.9962724287053182,0.9707555253713338,0.7390139226909683,0.26492725803916595,-1.4801167608374208
48,0.11079451778485905,0.41729928598233923,0.07948982064536203,0.3222726347525484,0.48233727168427576,0.6976679317865252,0.04631164065268045,0.33600051819678955,0.6288393942286008,0.30870501118931115,6.348600739667526
49,0.7216607535749819,0.7446753761618404,0.8953628684863348,0.41332211922192474,0.3135719587695257,0.5389103329911503,0.988149680623592,0.844581196575394,0.40363554937268575,0.5436159209384724,1.0292081450226183
50,0.5550180315547729,0.4844562329415295,0.9425031047529971,0.15678122061958466,0.9336031703743813,0.5576260723138351,0.18725561361759668,0.8294761984990995,0.040917503462248206,0.4615641956926455,-6.570990637715002
51,0.9805124050909272,0.5814085403860065,0.0832824629045249,0.13975279455524792,0.846046344876538,0.11090591384770154,0.3799410698168699,0.012516489965414324,0.5714050647326208,0.3400544893962931,1.4382498106685337
52,0.4861585122682227,0.3005915148126427,0.2967737700316867,0.1949112610475382,0.17728488543889664,0.6506157920632858,0.7328595874061774,0.04920190451349826,0.49910201101331,0.8466837268358145,-1.6197684619383412
53,0.4470633367517186,0.9408272775466267,0.9143272515767739,0.46575175746460906,0.5974517934046519,0.35344149161286786,0.8101668519634532,0.21387981255032773,0.022927532406059936,0.5536195186456611,-1.6066173963901917
54,0.5623063140519272,0.4743831817480121,0.40011341539011036,0.5219056083849813,0.6646732749044145,0.10098883361591515,0.7573856457726582,0.7704071031385146,0.3830917301981752,0.6567003775321651,2.6145621986947547
55,0.23328468078711362,0.8366806450466069,0.09135154159450676,0.40391981568876667,0.3514320975480343,0.005274799803916208,0.6563173386046639,0.09593254263950812,0.3697089827733223,0.7692605405694123,0.7238050104669917
56,0.9830067400470893,0.06543268535413083,0.7393163662898903,0.728628775290588,0.27671996541684685,0.36128915084306823,0.8660823930668944,0.7273607108752093,0.5818089226373009,0.9441800405780885,3.9625915794177886
57,0.17942996031068936,0.6057279298164935,0.15107515653260417,0.6888643979778791,0.6128300209039507,0.8304395934656865,0.029903575413148253,0.5181115750606726,0.9449546037083275,0.4882341416790901,-2.1029903163914736
58,0.1032549246757618,0.09813821071298579,0.7764105618761521,0.4081296920280625,0.7356003590098834,0.642549338944219,0.13271566683198044,0.7283777492667852,0.44493311113387135,0.6889545415090688,2.2478491142097052
59,0.08087677436203855,0.9734547343203741,0.28630804526152553,0.13418867911073085,0.9399719190153032,0.7891565137523096,0.5188428150110782,0.4960225579192823,0.060620574364565805,0.8616914585577226,0.38846742398584644
60,0.020962542947582485,0.4870767054166688,0.835949765183361,0.4820687221528078,0.9152377378357873,0.9981761238623533,0.9122098505063859,0.40562967324212595,0.7068865536812831,0.6711500444234013,0.23939066768294326
61,0.14793981903060138,0.772243722895714,0.2909580515485649,0.7925342021470438,0.5216123963848747,0.7191896556335057,0.7395225315909693,0.7309322770863175,0.4053091347520076,0.5060229899725007,0.9852070817877907
62,0.4886936876951459,0.7110909693716418,0.6944353331912033,0.885171327892613,0.4186694398975468,0.654625822592285,0.28297576142598313,0.43309861607496114,0.009078466998271528,0.8731372563678893,1.3377576360140038
63,0.37606670351613225,0.7261613179209825,0.7765708499846402,0.8903183946878697,0.7495686957611665,0.11581347779087858,0.3861079379499398,0.9358871277370371,0.701066549618461,0.24600121063331504,5.7532659307979745
64,0.3691633021562022,0.0671611537484561,0.7168531792500037,0.23255788730374582,0.742927052229331,0.5151262705214809,0.8503900479023376,0.40252905850102905,0.484031554502109,0.931946466798415,3.2176128056430833
65,0.6932925402931138,0.6226709037165246,0.13951690053260402,0.6848333824500779,0.803299361454786,0.7328713117385717,0.26390806684419854,0.3419479294125345,0.745989165067843,0.890485376601971,3.270207866087116
66,0.8882576859693115,0.5665936905529398,0.07101247575042413,0.7425291166982659,0.22742348180090666,0.15403281593651086,0.16613869208001708,0.7558674019862227,0.8291566170267392,0.119620624881147,-3.452962725406708
67,0.06594479792970864,0.3930882959328973,0.7906008154685111,0.37466035073860604,0.07162715637951944,0.9942947669961267,0.021822451456459113,0.7270013369298537,0.05607572828891283,0.9055939124370276,7.170708942203138
68,0.6673268679057804,0.00455851221087733,0.4231631718935126,0.18151561325327115,0.6162099030793393,0.860956542292554,0.6406340191918993,0.18081129547299313,0.9244362100772272,0.5429981526044233,-0.4282304321139396
69,0.938761126807738,0.6758737820573265,0.9986748551306613,0.33088199399691987,0.5795933434903063,0.35376524730084813,0.004685980348829277,0.8427808150072549,0.6484006885158486,0.7910986539932527,2.070016092403375
70,0.5196539143483447,0.42613611056048306,0.4701282906286589,0.8307991779282718,0.7748551928421853,0.6126262783661717,0.6098088124820709,0.6041331280442394,0.8480459559862392,0.4845345485980881,-4.791222576841093
71,0.009230766788060563,0.5851052454979294,0.3969029864085961,0.5468368713658167,0.9278145069555818,0.31763474970513195,0.779562638993286,0.4937243005866172,0.48039726279070905,0.15542495054695538,-1.9294313135934784
72,0.4437168927430526,0.8828998318978244,0.16088282493159145,0.6187305148885103,0.15607733941091573,0.7314175133888667,0.6232262723243666,0.5742863021145513,0.9538675692562734,0.3481133027898923,-0.7921129019046534
73,0.9848368125612492,0.09026546656979517,0.08987423041351295,0.38056075212050255,0.6571535567709018,0.9207781189939835,0.8846451070677211,0.6059609033126505,0.5254655094875649,0.15928413908906824,-0.8612634621541736
74,0.36757022584180343,0.11146317184877719,0.044261275847835346,0.7417586183028074,0.9564143719112148,0.6273648365755793,0.8844612242299341,0.22635420035031073,0.1407243806191224,0.6900509796365945,-0.27370356473137536
75,0.7748053064907344,0.2696849787336423,0.6541107210822995,0.2964428461662999,0.3111850889065846,0.8079793723844674,0.4068980502705203,0.26546088077734564,0.8330522909804945,0.38956465208282554,1.1841141120960295
76,0.30830549695677834,0.8013485659265093,0.0767697985871808,0.2699535981168858,0.25137753907441085,0.27143870575697315,0.769123533756544,0.6793210735012859,0.5477683392586522,0.27833385684717804,2.298277464940621
77,0.8914717240400708,0.8836517557606247,0.9955201855118146,0.36569523027730144,0.9347277159423542,0.1312594165083394,0.570575993227542,0.8883886412900586,0.48178185852055966,0.09192647705613699,-3.940263366586901
78,0.44191770443489187,0.514748073031604,0.15031774172526402,0.33342328732244386,0.9401261982720025,0.03565906592522372,0.6640642195845228,0.6470177202765832,0.25960304365058773,0.6886985822085807,1.348548821824435
79,0.2739541253176081,0.5607954114611393,0.24513785114275222,0.5588662919422516,0.7463924170789568,0.4529777436831002,0.4639953575507897,0.3694658289069369,0.051900422922627754,0.7010967626715183,0.33792724065209406
80,0.29217504744321565,0.45003295960046796,0.2704271852365656,0.7681057144564505,0.9944894252888973,0.12094740474301924,0.827397092080456,0.13477735504808386,0.7418431303167278,0.10899274765369282,-0.8689764258408014
81,0.10859099467390665,0.19451740741821444,0.0608774470859188,0.3831933143540226,0.004273149131668763,0.1295888947307441,0.26687780125450844,0.04838585743063972,0.1844951294211279,0.11522105444157371,0.8000164060733136
82,0.9302902153449087,0.9813271549721555,0.8969385952904572,0.6336663837394233,0.5609975623109226,0.6065032916979329,0.9088571047623015,0.9526847189357343,0.715850643015506,0.495358757580024,-2.7084840587773806
83,0.6185139208764153,0.8055416729183008,0.10574032690434243,0.7429685650479624,0.7348397418786056,0.15449576354326722,0.8933400152317942,0.45169955802991046,0.04554564607300238,0.9942526946984956,0.8057085212519862
84,0.3108276745852111,0.5304389820322438,0.9823008667783707,0.6456428319001648,0.033420053702273855,0.04404564036590719,0.16726958768114786,0.13099218246284516,0.9198784900911997,0.7990874321671108,-0.20472759889246117
85,0.040985571240953256,0.371215781205705,0.6890937210898674,0.6422368437332704,0.7940580463966815,0.39106575661482457,0.2575759727191844,0.5877780418179117,0.3348165505184524,0.952842892859272,5.326676013689455
86,0.9034385949494733,0.8930498198482983,0.7975554888573162,0.1293304628131534,0.11729154214838178,0.3500503336402445,0.5050714773444374,0.391745474549271,0.044342125683577094,0.617661834403834,-0.045242403248932556
87,0.5917219895931635,0.8901755388633521,0.8518659659603613,0.9100699275366589,0.08974279174657629,0.48847816902751995,0.16244139519172285,0.14591599730564142,0.7254768772457387,0.8649297927378384,-1.6496671542086552
88,0.21933873214007304,0.08868717954780858,0.966995518903174,0.09008623480137001,0.925535281261378,0.9387695333894391,0.3143725406183985,0.27843830782158774,0.6298783408088353,0.06189196616666692,-1.5131001537434074
89,0.331095868513549,0.832364962871269,0.21687213461779487,0.8600989326638356,0.5138536139292447,0.5432574799297899,0.7621174259837731,0.8516634415118811,0.9288524344778343,0.09317508065071745,-4.72720682191722
90,0.7811579485808315,0.516906158146592,0.2706484732149542,0.21784184042883137,0.7681632387641111,0.9185727213203785,0.9371148342145589,0.10943146872115495,0.41922940846031786,0.8218579789860945,-2.1143963113293025
91,0.9705737195724304,0.29095988142470586,0.2103366513511361,0.9253533236303101,0.06461172961400063,0.7923114143115687,0.6507959261096975,0.5917073991085912,0.9275621099835067,0.2587093969706751,1.7055497591984479
92,0.6398858986156476,0.2302956002338602,0.3032075110365975,0.5965457952219634,0.17237699447020582,0.4930098692749012,0.07092664130147941,0.9088096795957651,0.5334209866829939,0.7006946564703593,-2.6573097020532748
93,0.6971190879504804,0.06558209801907477,0.04042814022186947,0.8992542703726153,0.6177582500033854,0.6574963060263309,0.008473007876257155,0.6406681829073183,0.8417938096235797,0.28273931029284904,3.7031474334871977
94,0.7991465015407296,0.8072015514496856,0.9698631888478035,0.7026147015824223,0.6406050650045908,0.11192446269173417,0.6800259056748277,0.5682719733006741,0.3484543820663226,0.7155242312907489,3.086339983191909
95,0.9336067399307624,0.8787759597190614,0.6624782329633592,0.12478465605570688,0.8984225925009672,0.1052163594630442,0.02940795846741384,0.27767889676512414,0.39173918469475044,0.022573817468121038,0.21229206623891572
96,0.8633156677066494,0.15655251629709732,0.817749049102098,0.8011123595579216,0.5559355964420014,0.3178229139555928,0.5239564515944558,0.007222499896216372,0.8134686749339922,0.962597858819986,-3.968284251784318
97,0.35907706230913716,0.007626878768127621,0.811347983582498,0.7379378796388613,0.13140119759143276,0.48276847024436453,0.6395048660713853,0.5068256235861258,0.11720221177738666,0.32269252943372817,1.2414730307974895
98,0.05635179662069667,0.387463856488797,0.21906558828281364,0.9473728817727851,0.32271831959220487,0.9448489050804227,0.21401317468846381,0.8574082213554668,0.8841754504190098,0.5985206162230133,1.0080868122017128
99,0.20378080456348768,0.49323119692015016,0.7405045554493113,0.1538205880244341,0.3728478578232589,0.36072234497596045,0.2742765437695609,0.7141306791844878,0.08480861936486805,0.2178074726392345,0.9991897305659811
100,0.5305047604715589,0.15782354617044003,0.00029410025357279324,0.3913440095132914,0.8385331275819862,0.06176107827406285,0.7353791031326852,0.5010456478821811,0.15456779222277672,0.49248826571516613,-1.3301909398758258
101,0.3202994047987917,0.846275229290038,0.36378331424065635,0.8572069612108103,0.4184921625007384,0.06824939292243859,0.6814065897848679,0.7790955154598699,0.925762261073006,0.6689830979033727,2.2424287081797996
102,0.5740958469508589,0.22094860753340595,0.5864710721004788,0.873085308023973,0.31548740911553474,0.06659833736462195,0.09354608685923416,0.7965500689910293,0.5486295556962211,0.8155306103866293,-2.9512111845357043
103,0.5508790095254701,0.17329944480809156,0.6549628117491574,0.9184733871188505,0.6247376218572235,0.24886834893475052,0.5670325017531157,0.09556256807489083,0.7177531409203702,0.295565142925052,0.23471458943052492
104,0.7863276458033519,0.15517677031058252,0.4059636381331677,0.6886094433063621,0.44589110552154543,0.8603167219354613,0.823290195957183,0.11528080423617515,0.169224186018195,0.647831879008597,-0.11078210490246881
105,0.8486901949377804,0.8863395942272153,0.9565638562744624,0.0013267702674527593,0.6993452204047345,0.5608244550131041,0.12688329702844414,0.5729741545499006,0.5862799725027131,0.8158210066288,-1.9540014357351514
106,0.3265992776039168,0.5959931137011241,0.5265297770069165,0.5287509014845756,0.17306108051459623,0.6362064794686968,0.8250453466565343,0.6808434500924105,0.8731552909249687,0.37668952146073775,-4.104342316154674
107,0.9630420625495978,0.749081437561851,0.7736955791157248,0.42285652880415714,0.07701509309857657,0.06574141870639394,0.41217265153931215,0.5162861174983794,0.0011435364363656664,0.9404353062099806,4.524067859523089
108,0.04794479013069408,0.4233459056447598,0.9384910644519815,0.23509795255570098,0.11549666565659167,0.925327884724859,0.18984369073882845,0.5681898627078875,0.5372219863013461,0.4492257061114394,-3.6244976709620635
109,0.4803460510547729,0.19077540408090743,0.6668352884020281,0.6081944587397506,0.4402236354716256,0.253952471417216,0.6287511243077593,0.86205056664987,0.15071712359627898,0.08475411272988498,-3.7813935103383534
110,0.3037832307104835,0.9309362168037728,0.030154576131435018,0.573316642709955,0.4621441909638381,0.48189478026040555,0.21704713137856746,0.033088848668457294,0.47117882725176696,0.5280421358529375,0.2672546550962252
111,0.2898201147016417,0.4590132957940226,0.4628390094191678,0.524970720840799,0.23508004127089943,0.14423319375498,0.21865065932077699,0.6974760321055944,0.9742854496333995,0.18776250263783867,-1.3625556941052825
112,0.7241802757584851,0.7064447678305562,0.8500282480428378,0.8796671546342222,0.6500643735323921,0.3262872964584541,0.4488517052572616,0.2036397314931132,0.6527411871061825,0.01499703092811322,1.9164985602579145
113,0.6391791706477,0.9228280987722931,0.6815685823706618,0.3015872148524059,0.618378475923751,0.5297897237103573,0.9667804720619061,0.5236185247922726,0.9600240442181661,0.6049127957592044,1.6468184519647826
114,0.97954379651481,0.9965629037221121,0.6810054758955172,0.9624543040421563,0.7121626435678586,0.21067869221299151,0.6534545373847264,0.656843928075608,0.08968430590006515,0.43617854300555237,2.423688317012107
115,0.5782088745912493,0.42278997840227306,0.8035711957586186,0.2193468022229903,0.43161711136634506,0.7706383839584332,0.4875095701046779,0.7747658814318101,0.9814394176286055,0.7821406857927315,1.1162705050532975
116,0.7385742181401435,0.12792863453704473,0.7987274565045467,0.9763317907238651,0.39154728086559576,0.0014652468427540644,0.20456912086499024,0.7441798645458197,0.7791383132610855,0.09838127106170302,0.9841344181119043
117,0.792153435071199,0.38482060209675817,0.12752399314238438,0.5160381237966515,0.21611543906778918,0.19433803572437636,0.639573231380556,0.15321603623179425,0.37358749699256577,0.37825020436509016,-1.436829606431852
118,0.49977760467755417,0.18217062955676933,0.11683255419605632,0.9815969277138322,0.39494695666662627,0.3488179274427391,0.8392831728998787,0.5145277412918152,0.6023584076182738,0.24418305184841982,0.6336102661885376
119,0.8142613777737994,0.9881572653285099,0.5840501057859232,0.9297992078451275,0.34971933241344677,0.049720515017737776,0.6390344895264972,0.46619746403331364,0.40503637945762594,0.5012087321468447,0.9538983694612381
120,0.7049304707768141,0.0038131455868019026,0.6487830259882039,0.8112355514388035,0.5543854915082443,0.4703637175841944,0.35684527886598505,0.49897090087195817,0.877931702961067,0.5794241369482882,0.7242689689051439
121,0.5253594822757849,0.4951090648319847,0.8865627723195187,0.12796948010814346,0.7257092275453659,0.355211878493774,0.8372861551439577,0.20843554069161596,0.9379861314297055,0.23387900372258363,-2.4810682940599333
122,0.5150743304493758,0.8820069225299713,0.13194924339779635,0.7625562606232195,0.7468353533091305,0.05929436170930169,0.911325693281977,0.7819165630282489,0.256401077634121,0.2754324358248855,-0.4618378765138126
123,0.79845678990442,0.4820145970872187,0.23515727392534036,0.6456279216874279,0.7540969573448424,0.2867067526940934,0.36060021575154744,0.19660147664057281,0.24687095402584547,0.5280229818221586,-0.5697617666039149
124,0.32420501731811946,0.8739882475999303,0.3697876993187117,0.10598535310634394,0.9788824320566767,0.43022342060330954,0.204657947842252,0.4513736083678167,0.8452730860815797,0.11757748197105711,-1.2236038715445332
125,0.987219162447538,0.4237851427433684,0.3965598919374207,0.08812120915886967,0.5251436014307393,0.5826602149036966,0.4108102710850373,0.5654696346642497,0.3503679555570334,0.6330577292780948,0.9210292505807649
126,0.39817776210440137,0.23859665149949705,0.33782126296298876,0.166876263684409,0.9556956791136634,0.6659213680955587,0.563150708595358,0.9807859141408455,0.9854561806116825,0.9773408109552609,1.6720431461480456
127,0.11588390801177784,0.004275105649906852,0.13657827763643604,0.6966265082630616,0.29402563321126063,0.40626662047481743,0.7667662719935577,0.905204971973819,0.45261472020522586,0.809864381477556,1.5445604164098092
128,0.4526156334589727,0.9142510921872367,0.6971097929815445,0.012741745875053279,0.520254537432514,0.9486788786465059,0.9395178032326039,0.37962121214039934,0.03720918291033515,0.4756548657908277,-0.09538585132773167
129,0.8930628246739595,0.41172420278263255,0.25468852936073905,0.9987345022519682,0.8485648847225098,0.04249724955647183,0.872438722043649,0.792400236743325,0.5380260409059959,0.13913856018710313,-3.6482923114926047
130,0.13821346358325415,0.007128677700286357,0.7619370591299476,0.05505004690723736,0.874784721483649,0.8615127378282971,0.4394085907362215,0.33092089700868677,0.811045719319541,0.03880276464536614,0.6550402808232261
131,0.21199907307274046,0.829101025398176,0.9741731320902915,0.09202133225731413,0.3183754399229609,0.7400611536496112,0.40199778806669273,0.5422447101486165,0.4928267895285373,0.6825964821066725,-0.45942494540227724
132,0.3273737020978109,0.9000425184545278,0.1097388259369898,0.9456370716828033,0.7149353958542893,0.41773831246479887,0.5571840742097867,0.5470118114694226,0.5536163283148432,0.6563087154013457,1.1951912425582067
133,0.9193762111239884,0.19728387461239294,0.2629842575168516,0.716605639622971,0.8150312760014837,0.8003513739777897,0.7622258835974198,0.31537080884156876,0.9487606637754573,0.5233334161437952,-0.5396016075521739
134,0.5524799197923677,0.724962090976406,0.24774342433190055,0.613759262168635,0.22078499510098581,0.7426745107396244,0.6735273817999607,0.4106355967200902,0.5704968345968983,0.631383574285244,1.7147815201266423
135,0.7237677985465879,0.22422061317975994,0.5321279380368509,0.865353315634545,0.30883870081739717,0.39338790825204173,0.33550672416675464,0.726705841524784,0.24142934262975146,0.057177759076636914,0.2872026243306204
136,0.6905856528877453,0.1517650513941613,0.2423477857643196,0.9559727432946036,0.5500671168575708,0.4619976153799751,0.12126634224543631,0.919904419609975,0.26990731607161944,0.26455187280885484,1.3219183214820205
137,0.9067631720279369,0.20626254195536564,0.7818558866964845,0.9134010800771305,0.7641255022846051,0.6683211017053321,0.1277696780923555,0.7066579164074752,0.9119594436830162,0.17211114922856696,0.5002104807850412
138,0.45250499255339305,0.2839778291805404,0.7970297804810191,0.4255164758667548,0.40461240892660644,0.03805010765715067,0.008808167267222555,0.923754028692199,0.7983875169937188,0.4615212965946047,-1.471301130378277
139,0.315203870744468,0.7786787877553262,0.9787718810730097,0.013795879444206016,0.4611227414531911,0.08159203054162067,0.5808630857375351,0.5359131969717446,0.1448864511854785,0.15547104562833602,-0.7092117873447167
140,0.2755925801882323,0.4178256987253123,0.737771960058245,0.47248537408276303,0.27283610403842795,0.6911125834877733,0.5987759584946568,0.6743793232004432,0.7528706848486265,0.6964798725418315,0.4537830854033773
141,0.6362470616318321,0.2161693649345754,0.6271470144859689,0.8226610669579536,0.07107448776375802,0.655166538568062,0.9268355667709922,0.23528244865732395,0.48548717183162193,0.9229096446093036,-2.163620448934481
142,0.1633033515416098,0.959812556309602,0.1022940714478826,0.9515286380246274,0.8922729643299934,0.7519450012202898,0.4158928041560491,0.6591448311473103,0.9476401941102164,0.9844386983221948,2.440807703510411
143,0.3640246436341602,0.6895865372072157,0.8432362972657541,0.3307200507540655,0.03481286951674201,0.5142444514416167,0.1549219156244831,0.48599339768816585,0.9432629410333614,0.7437341368258372,1.8785710567736886
144,0.4881646025821216,0.393226480949577,0.07846061585910902,0.5757555799814758,0.3828552210412187,0.047692170828529834,0.3295793534384869,0.81294269902581,0.015761902349811008,0.7213362112283489,3.2546423828625226
145,0.11761576119604256,0.8574893781211314,0.8213917363025824,0.4206386591266147,0.7746706290477794,0.5260590152003503,0.42742525963184996,0.7314103366374939,0.5510543358896632,0.29841817827255235,-0.10242361958786955
146,0.12785004234490593,0.7712027340385831,0.7555146438300885,0.6909627623766261,0.15729233463568826,0.26643304556210035,0.926912942164452,0.5611337345757935,0.26237102425853764,0.11611553384848994,-2.706948357765355
147,0.19940555372499447,0.9008265429175525,0.06530599816494775,0.4248004029356398,0.48907107510182446,0.47299511436991404,0.12675357607072135,0.495544972678882,0.2286457241228138,0.7973110703990777,-3.1821793518415644
148,0.6200846755346516,0.2759717779592388,0.2228849896406886,0.31836647037590227,0.009594768331225523,0.38575857486964493,0.4619866759811496,0.2850047253724465,0.9669939083993384,0.19461665607450018,2.412889555042023
149,0.20924286165363692,0.2304043268450341,0.9479071405251414,0.5030553261356737,0.9642775460085524,0.13113564872810324,0.7213687461100827,0.8811855905478195,0.5293570069122935,0.18960859984886436,-2.38838447722745
150,0.9179448080865966,0.10132595345212592,0.6187323955853641,0.7901110615515172,0.07940973248973626,0.9601392507027363,0.11122165057859712,0.9837663756666822,0.17769943344825034,0.34833302092463747,-0.9691198487348894
151,0.5468064379898128,0.19822637016820166,0.12032217280587187,0.06595940340775375,0.12949989207978796,0.9367997915759758,0.47336974967965784,0.7626179560190489,0.20995935514897446,0.9132637900995481,-2.0799526595125917
152,0.697647008541317,0.036348836580576305,0.46423899620505804,0.11860944383243355,0.6043178739108497,0.02689677018311276,0.033036632507398966,0.7516672507068239,0.960486214448371,0.19473406158311168,2.6377237720090987
153,0.6382723163507055,0.0896980969762795,0.8678676268042864,0.3474755669455688,0.7846765387139705,0.5315097249902934,0.6140271509804273,0.808859805100433,0.13369991646617474,0.40901431231179175,-1.8806911975493468
154,0.19693619462212408,0.884072762697421,0.2755802218557811,0.5381941051214799,0.04903520173010412,0.9253741513162814,0.7755885946753074,0.9714214133706118,0.5281764038568157,0.9664261642660092,-2.299033972916288
155,0.40804317764119213,0.568878748876196,0.18666189080583906,0.7419487163209807,0.565705711034853,0.9177797730727468,0.9604791123738188,0.663500199276623,0.6297718114722284,0.2532221930755678,-0.6444952789706282
156,0.8744670038403916,0.9160128333633204,0.6493103238071475,0.34189425425802344,0.0479927580483388,0.43788435760579003,0.6160211489528856,0.5216633679481691,0.3040187259802486,0.7159789642679132,-0.03251997925425623
157,0.5664866731985649,0.5372260777239691,0.550508327554067,0.5268703940499794,0.30633041823161256,0.31668342774535696,0.6239506868991958,0.7858927341725037,0.46465405731999665,0.780430239779386,-4.322306502870489
158,0.9389065267510563,0.4697467836408481,0.5416587046026203,0.6166937807999858,0.41389708675750625,0.34444874429994565,0.8182054088547448,0.46541447084434007,0.9362721373943108,0.191849156767404,-0.0200967776840274
159,0.4804852390289617,0.2604033634341698,0.4568112124363095,0.19807914957782913,0.8484303360500178,0.21852652110600812,0.9449931004112656,0.7332725851143125,0.8024144997518524,0.48317647325128,-4.222886402815621
160,0.7159450715548076,0.6173265071351923,0.5644588604756744,0.9487214890501054,0.1328054515795437,0.36542805421859026,0.6528436284930915,0.8570836807385089,0.7743813505239951,0.5215655350899584,-0.44917741643888703
161,0.7905394370362276,0.5827567567734706,0.49895608585610707,0.7625969079075846,0.7748138351244105,0.49160506359048095,0.9379442550513871,0.20639467313757442,0.26155141670607696,0.907565073166139,-3.8851235851162094
162,0.6055576575336582,0.026900362691787416,0.8412035767014209,0.5272975685671375,0.658771582277421,0.8837149779204458,0.010637407674628951,0.8113263149510391,0.4547905882310971,0.6259716970665568,-0.4090068093039619
163,0.566067160684267,0.5083244063604108,0.130273271014269,0.9657316185555423,0.8110403710352475,0.5081112640478374,0.21682053404514867,0.37837136603994415,0.5009139599236418,0.06009972979957334,-2.890122318520622
164,0.34826936516969387,0.11357266185906412,0.5630872421354843,0.1897628356009553,0.048445439158625425,0.5746761103258838,0.6883313159494381,0.03924699104415419,0.1607182105882211,0.2542470871450281,0.814781969524016
165,0.6961559631540757,0.007050509591194354,0.2128593997281274,0.4916404179246907,0.7629655109308361,0.07966999700825583,0.8088522285234523,0.3185510018578265,0.13130883836095497,0.14842927649564797,1.1833128406046889
166,0.07829590467032066,0.6654770490090208,0.28448064814785035,0.745082604184422,0.042766484374177294,0.17068900519709562,0.8955189293139688,0.20289061748649506,0.11944325889623586,0.24366599491250807,0.7353622329637555
167,0.7637400451943347,0.4844139477259707,0.6453811923884344,0.9677166263215361,0.4203756148370178,0.18626783005028458,0.7339607837247053,0.7378685874649326,0.38409612547920446,0.9583884268390624,5.2041056906845125
168,0.7655182055642847,0.6484034214771087,0.3360639011829417,0.67154408186436,0.8765510152298094,0.7321910234119362,0.7699405806726205,0.07138659211421083,0.11533546707453102,0.4724282183233104,2.054954921087262
169,0.7780924561971072,0.8525983293793378,0.45660450200097047,0.7475550764558463,0.24947642747384824,0.021541780145820755,0.289577098490969,0.10381243700529386,0.7517258132936431,0.3449738952516852,-0.12677445005769972
170,0.374811516225364,0.41496593972832674,0.5092180254002794,0.8963369771553268,0.6445195591890102,0.9183137272099935,0.26164526041588476,0.9615833538694236,0.0755163812163887,0.10914665434149728,-1.1343782416937387
171,0.8190790828526022,0.12529884707645622,0.7508648593861,0.8742490548603087,0.9598250502712168,0.4407940841873029,0.24422555967211013,0.1697306104976647,0.7439939274248201,0.14636007862157874,-1.4537468757539862
172,0.7341985060485264,0.5704145995022434,0.4899844793612329,0.12278535217598208,0.6290903394090637,0.19062094962108633,0.24494255274813703,0.5444710546596725,0.05247455971616999,0.4585513006241555,-3.4794844615437923
173,0.8974582375249249,0.4364651940390263,0.17180918303158244,0.7788820850375382,0.09921389336593378,0.7024069161169051,0.346253198824093,0.011705430735122646,0.010931440966178929,0.6470072987996607,2.0354272654144956
174,0.4326189590084757,0.70059191625489,0.10506780485094747,0.5278486768561373,0.32970031927361976,0.7979246001556979,0.492929556513655,0.5054442792021204,0.4142269395859044,0.16599134308565855,1.8342824091148344
175,0.31765005522276846,0.18521703055416427,0.6087333488687237,0.1981134584241656,0.03570146237554184,0.6148561402768806,0.8491939933102979,0.8922545182949556,0.7127307120929492,0.5541678783843602,-1.682083353381873
176,0.2690779188503507,0.19155398896769682,0.6314578927584191,0.43934251227609855,0.8048676830053532,0.6377991297588337,0.030631150050798972,0.048934776117378176,0.8739739206696188,0.7165595292258324,-2.101636387349456
177,0.1723190233073365,0.1729388152679483,0.34400839289615603,0.46949906485478443,0.7144801804871238,0.26707530426883064,0.545435169682121,0.148723725889785,0.021028135152815652,0.8418907022138833,-1.8652125779805715
178,0.08616097059205952,0.019115683287279528,0.56604511206277,0.02954247058548176,0.6149576969311525,0.47021883900058004,0.6255986900413093,0.625287354393778,0.06901128097354192,0.7691781344142015,0.8613576664196144
179,0.6223017495294635,0.8492781097049287,0.12623318584287369,0.35522972245700957,0.9162001053017927,0.575017062685372,0.8120075238411054,0.6458978809421677,0.5384358263824466,0.6205568302664652,-1.1879393853198599
180,0.3614138924990379,0.5598078359546911,0.5113465753697237,0.18513968035071893,0.6462615520072806,0.14198981466255012,0.5465000440043086,0.8548535108183066,0.103069670808706,0.40936058404211717,-3.4845342885394994
181,0.0486070476846967,0.6924646501539409,0.28514024430360263,0.25476923263785467,0.9554435799549054,0.23644472798767557,0.20075264697668205,0.9406965882941999,0.006348140112250267,0.08011077610023565,-0.8856195843326613
182,0.9439055867758817,0.6400092606081015,0.5666729442309949,0.8048820756656062,0.9109643411745033,0.9000887910559943,0.9931085484517476,0.5752743592140155,0.25156436766071866,0.24249410055850462,-2.974506763775176
183,0.6209686322942812,0.5990596427884753,0.8817029965611011,0.862753469957334,0.09347516657332944,0.8045881863315021,0.11334720114623364,0.4916140164874021,0.7109503141500044,0.3060891514370224,-0.19515829274439853
184,0.9567848023957561,0.6717967529455251,0.32169853305711393,0.2360196888767987,0.25791192011535047,0.6442601935865173,0.592331317468168,0.24295178752823754,0.16256477089583565,0.9552985718931789,-1.5249661284909377
185,0.18130691043652258,0.1488348290326813,0.8947998663256304,0.9007522316031468,0.022783933092601072,0.9486671814750134,0.683431553872894,0.9050144385009096,0.7642312448991483,0.17055975820494362,-3.0851172272270477
186,0.46300915988815217,0.1407218046289076,0.5314622608675557,0.4487997122327534,0.1884706200498154,0.5193622789530521,0.006771504095241965,0.09905924147592804,0.9327963137928101,0.5764765269619585,-1.2254738905221831
187,0.6484864313839753,0.6955587996498194,0.09023626319681088,0.11030753585291275,0.11560886357251365,0.7850584769228998,0.47807762984750535,0.705443061147863,0.06757448310904302,0.5801499944681645,4.315143367565357
188,0.18848051218057615,0.2675125287683796,0.8003070595068635,0.057632031155993135,0.023253032432933085,0.14983637560523155,0.39566258230877416,0.10804256104272225,0.39696826259306006,0.6595111413720828,2.1327617329256903
189,0.16455810604252985,0.9121917925935732,0.9909196777145801,0.9038752066830698,0.20738136451402045,0.8944284854337402,0.7715352519887916,0.8253471672086089,0.1853194554807659,0.282813455023191,-4.106010799456237
190,0.13142198059158694,0.9035982164341654,0.9269946128478377,0.2560847840758598,0.057038872930232354,0.6038711509084848,0.14636419025219116,0.0013912873608806775,0.6186008498858214,0.8151992463937405,-1.5395500149869061
191,0.15711681455797755,0.023589973419476662,0.07354004813965631,0.42574758619133035,0.04986273657489093,0.9393821470807612,0.3115659593610125,0.7388027030180747,0.6699633235746496,0.14903018160061265,2.4807663889049447
192,0.9076102811496874,0.3587414417606003,0.7665993871429243,0.8607091788927425,0.5413562048135078,0.7905589467608173,0.24214586315464026,0.39614582123237985,0.3370880987107776,0.8490002060092173,-0.4485292068985741
193,0.7639703619478487,0.4932508412487864,0.23042338930716655,0.28988319078596536,0.3007325414214381,0.9548033065526135,0.8533142417047863,0.6742049173413275,0.7215010938446134,0.6467285024026653,1.6508838714368264
194,0.8406277023300158,0.8365549862494228,0.07037046612277442,0.019878248045780755,0.25279461498668243,0.22208596236559008,0.9720342273464834,0.9263442878729323,0.5907986540154073,0.37172289742020626,-2.851041366687613
195,0.9511416080477545,0.2799380750590412,0.9834101718379027,0.446714214121102,0.6300505316076962,0.0765953886069285,0.32270439244703986,0.571715221275895,0.10982244326492063,0.5375529014372052,-0.15657201114381997
196,0.8544400356892287,0.5768749520443945,0.6188805340281017,0.18894221852855864,0.9043020626907089,0.18567872475657665,0.2846281185124635,0.16099331254051485,0.10188531351771146,0.5763639920280825,-4.483356612287194
197,0.995839113851592,0.16580174641146583,0.7789421863428296,0.11983975696061988,0.0697303081609919,0.687851843834467,0.7192102065047659,0.022347140403752408,0.7996193158878716,0.01763038535661199,2.3346495307325563
198,0.27709695434889003,0.5811771772162146,0.7040427520979997,0.4994429803273438,0.14094418629250272,0.3937803415279503,0.9103662181848271,0.6053270178098036,0.2453418902617268,0.013851212290001969,-2.24285495773094
199,0.3257597734594111,0.7142664528670516,0.6432171377100453,0.8193417818777206,0.5875044930724549,0.712050677454345,0.9233102731843335,0.23130254804795614,0.6514824835789332,0.7626786936793741,-0.7775774832785589
200,0.3747174273172723,0.6855690708155349,0.35088893514325326,0.3781368160714339,0.01500306358706216,0.06446912514934022,0.4253677966214101,0.16326702003304294,0.195345631369229,0.9731272071211554,5.0939838686446866
201,0.819059710363304,0.5697174958399005,0.0970200820596947,0.9114867153710042,0.778711206591413,0.8158139533496646,0.34852117564535556,0.02457059342193557,0.6444564180861219,0.2162896205441669,2.6925912777663235
202,0.8720413361989596,0.2701062125397814,0.8952558600774099,0.2868807934788794,0.4836742172467746,0.9971323754379614,0.5072542769130108,0.34156258225228875,0.36793542784180944,0.4201850779538161,-1.57838032786095
203,0.6010658642801767,0.13952018348918704,0.03792690565188439,0.9139966425741207,0.7911431930172557,0.7317015715102458,0.05137226771843695,0.7995835757330125,0.9555348147475874,0.0958766938556237,0.8274449715205986
204,0.3646287553683024,0.4508889596272835,0.1882031316941558,0.7644063593281507,0.6397967317488477,0.09799185247458497,0.22431812165955978,0.08005357184665107,0.2528128300776099,0.9479956190395598,1.4210393154928604
205,0.7993037222851497,0.47662343375983085,0.24924659267864246,0.916910689216682,0.8929763916843519,0.3441169758360064,0.17712590943243256,0.3085657397853745,0.19449202163998058,0.06351207315158847,-3.0965666343271336
206,0.27182014436616064,0.06206620908951488,0.8430364989510035,0.2308137917640194,0.5140726323267271,0.8485208795075863,0.9919818374910115,0.26062897530492857,0.9125820577807137,0.6100376190488526,-1.4820178543508387
207,0.12789672035755417,0.8054445130321712,0.4418188685252905,0.23317598678606777,0.4858294570769225,0.7539330699376632,0.8802734373991438,0.3855022156505077,0.7782031113363514,0.3140722579880899,0.7053667884704359
208,0.38593603155710277,0.36036049195142317,0.14886022373326224,0.1540770562283411,0.07478084201172897,0.12943330931439523,0.047762135400267414,0.5004530327172162,0.9949391447253235,0.5279454331251604,2.6416419219087364
209,0.7302990364647987,0.1961056988577219,0.8925528647804278,0.8921614299424183,0.3139385386660186,0.3516805925462051,0.2710531362239379,0.45650827704284036,0.7666129372276023,0.6442026102931816,0.23195804695356104
210,0.06688467873325354,0.21860332965076612,0.7580554235212071,0.8106360831871191,0.7005767205163762,0.4487028897452403,0.6190397288994632,0.25054122931505995,0.14667048199072108,0.6939561507915054,-0.7733830520583593
211,0.3972728640410169,0.6354595090985811,0.4276198388948148,0.07500253185492012,0.2598959484546849,0.2845789394222803,0.21296392668901354,0.1615689224807958,0.40253453132827766,0.9705740683015537,0.2594157388517931
212,0.894810848147133,0.6202451465108574,0.8666687363723828,0.8216597295680493,0.7691597059732992,0.302006073134484,0.15885941561732275,0.8676251116274902,0.27302866483214294,0.1769704657417276,-4.871740499146659
213,0.504335698669187,0.40884740053974467,0.048225116832265824,0.39929062484569366,0.686431569970099,0.7992885558544927,0.052744249680744315,0.07505346076690234,0.8772253991708407,0.28992324155073734,5.5117061204257505
214,0.9704712610003249,0.3480563148172553,0.752069890841835,0.3593662786441143,0.781863039281005,0.035054124240076256,0.1600312916775507,0.02647251237318471,0.889215651523583,0.10211400612075949,2.3099388084823973
215,0.990504762969127,0.589263950992604,0.950246164791853,0.5372023218830363,0.4748652458648208,0.14701190028529343,0.47593955578686986,0.7532407226453444,0.5429893369967653,0.640850499478002,-1.7138296627997247
216,0.7681419824799505,0.6827682581032716,0.16218602156911033,0.4870443396972973,0.6439946152523441,0.21697971726889853,0.5473623159511679,0.6419501365640853,0.49756301711331374,0.5651402661456247,-1.1282489643844638
217,0.8505104327363853,0.2838342544237643,0.5926688447971139,0.8158765097530836,0.14691207941139284,0.2943755798082699,0.38883464586511485,0.2659134456734624,0.6909069409368226,0.008343724120608909,-2.200984265287092
218,0.015370928520475058,0.27439703745119304,0.3377309802190581,0.620162546318863,0.5603758454514185,0.7877000181921415,0.07772433036986326,0.9645171586792718,0.6788267529877051,0.5489857440025685,4.4441516149281135
219,0.8111926165574016,0.8476335170361613,0.18582469502610688,0.11012976004117425,0.5370654964640581,0.9973352337137465,0.26514143514255273,0.819632245291207,0.7739884475930109,0.39754684591906153,-5.811938736969696
220,0.06071588103478276,0.7043155637861173,0.6773422078922375,0.036305384145676634,0.8844930770586689,0.6111731712942592,0.9414621329903878,0.040634986411096974,0.12612638530174425,0.08680552669165098,0.3985706491554858
221,0.8143215092758969,0.617972402384093,0.5262291372024599,0.8414887527614953,0.08798806754003863,0.09897676561340274,0.3874970887855288,0.011803236443847065,0.1933788296481812,0.5852492957944428,0.8565602864951567
222,0.6133123953813195,0.42805103740835027,0.841620218980944,0.7300466298345077,0.5044941727884705,0.07139460411511322,0.6518808977128316,0.8951290347450911,0.9883053035489935,0.45938016726302,-0.32001346460099267
223,0.7746483893755645,0.048569016406154075,0.7140302504277951,0.9045773432447426,0.4407841109592452,0.8383433402350708,0.9921454506570969,0.11611946034199594,0.8103820862988926,0.5907401835737076,2.345310939388237
224,0.6950984159126301,0.1990572768660852,0.5855174547710839,0.12487435169596683,0.5093247914874044,0.5277750144147548,0.41754463740380976,0.04025460375349632,0.40522203187124284,0.9792700763185826,0.09478412622893231
225,0.22541876124553384,0.2226754654874329,0.7712324984368573,0.2621487539397811,0.5561925486115052,0.5033124094331146,0.5610702532285293,0.19701386911976027,0.9747697599171607,0.8178066965640433,-3.378082057297635
226,0.6198627692332944,0.6191814048276528,0.23670762918439125,0.6312381137614831,0.7849826319755843,0.17975379018428683,0.15106961778204964,0.7061745094182338,0.5984226240251334,0.6696431812271014,0.32319653545389426
227,0.23645180555802314,0.13515032937921456,0.4396650060906909,0.7150164689919528,0.28929125267378897,0.46046741025681204,0.5500383423115979,0.5036443351340464,0.664653830595148,0.7930380024004348,-1.2866026605395975
228,0.21698351838333674,0.8364841061139888,0.8924967232071183,0.16241131995064972,0.3417097326069405,0.3989307162746599,0.5146388848806697,0.08642513399480711,0.3941281624158661,0.1939345765152367,-0.9092012702268437
229,0.1598153198421175,0.04401917230071317,0.349815319665596,0.3252822408653029,0.3011767367164844,0.8693547835067503,0.736220201022735,0.8303124086878424,0.31581007709757314,0.7144777950956911,2.249397707222836
230,0.0012595087635344226,0.49972645870503507,0.5809885906112631,0.3467396241460575,0.5554396564643354,0.6154712530288059,0.20494467533120087,0.6482609042989445,0.8215274358367607,0.7314681853194767,-3.9608268041580432
231,0.6555286525705964,0.8750511723525874,0.503740655939896,0.08811468626157315,0.3459051962277543,0.16520681680578464,0.38467669517171965,0.48149306761153343,0.9519726261199688,0.07114496042107954,-0.2294763818553302
232,0.7317417137989148,0.43464804925341727,0.6045893010173091,0.4847797861185359,0.5649616608411218,0.7947984245861764,0.8235003652774332,0.42168583978177,0.41724964098284567,0.06464822329101028,-0.5725839183771658
233,0.0520766904544373,0.23507485980375797,0.7921579957169994,0.9246052202619304,0.10072373071941021,0.733820641183155,0.7391270996064869,0.49995378493589426,0.9224251097452435,0.1606906689373031,1.1145364840778864
234,0.8300817327888986,0.28623332287855807,0.5282319509138677,0.5987163524868256,0.8514034951769435,0.5234162425523039,0.7307232487639458,0.9838494163511367,0.7008406849175735,0.5372156354623023,-1.010274042744303
235,0.6856168691862551,0.6194127381179712,0.028300820558267326,0.6669885534603226,0.11677729079106947,0.4384657848331466,0.9321930069297634,0.5106617479854021,0.4148497182448091,0.34805913684050904,2.9519529970359812
236,0.09538648968332164,0.5603396594133154,0.3344693202492769,0.06936154287351048,0.7060958337020968,0.46659947299512006,0.7624492547819461,0.36759902399211464,0.46702968172125336,0.9253745930678497,4.946308779378131
237,0.6038993110528535,0.8627788137036141,0.4078720864777732,0.26725602482951083,0.13504379043014259,0.046782324491421945,0.48973850146118236,0.24733969896669095,0.33871051255743445,0.4517762808265857,-1.2639414021848847
238,0.5549568520938376,0.36051811257187416,0.8986322721323043,0.23082337249506235,0.7052620688656273,0.883430803982296,0.3841096070274316,0.5511066586113227,0.20475274346080308,0.6022136734911403,-0.434283403368061
239,0.5165938770253864,0.487890026867313,0.6656536154983926,0.242191809311454,0.9960271517126947,0.9416696759573008,0.9897700705625304,0.9175427440287283,0.5991589366875052,0.10794323158588359,-1.5690737484130444
240,0.4614649539596539,0.7477861383647715,0.09144184793797738,0.37901426252482995,0.7531764512494188,0.9035735212316477,0.8413423322958877,0.5913403816964453,0.9939512338167158,0.36912294443390337,0.888006123449991
241,0.3351430023590165,0.2725045599639351,0.7212149069711252,0.8242645922576015,0.19973954807999494,0.6829372807980254,0.686601342627149,0.6015557268086894,0.23470226736012756,0.42279117890277784,-2.26785231619052
242,0.0038114171091917504,0.9836791263321389,0.8248395101449745,0.4645794333753466,0.23062511658273321,0.4973998552494985,0.7577028282374116,0.8567197238152633,0.2713880691273207,0.5459112453106536,-0.9313205400804232
243,0.6017496511102677,0.2951692721796838,0.8471705964789169,0.5782137348959269,0.23080480664726954,0.7991230387609701,0.7087658898159844,0.8317409814348915,0.019855282619411052,0.3408354979143059,0.085362758110883
244,0.9672014484623853,0.866047168316205,0.4939927163391765,0.8878383411175851,0.18612225703472718,0.8253966375603233,0.5460016930023328,0.6979278199146768,0.2495538621385337,0.0050786869332511975,-2.936143936622239
245,0.742707226175415,0.5580896426275737,0.2495535686845921,0.24804209291783552,0.8403359742844251,0.5453650205963307,0.3482774611332874,0.8641766959638073,0.8206586512349328,0.10239068015177755,-3.96296809780343
246,0.9954258425789897,0.7633779303508804,0.6183481624606987,0.951481559207952,0.7689981837572042,0.459162568774359,0.8759777444751188,0.016085858296415956,0.2129929856187548,0.027902316229325597,1.5058559002276612
247,0.7403828111518952,0.6640698535991552,0.10638691550572799,0.7544835208636744,0.40199169541373625,0.7903622813446219,0.1931719958219712,0.5005857387311149,0.2399972896226772,0.7490680010583061,0.4961890723971157
248,0.38086167098955936,0.6467948017537356,0.6210767201446268,0.987120328090703,0.5552730984312175,0.11921000000728577,0.28933450537680083,0.2716714952460181,0.6861004363529064,0.15658181694858397,1.213969047307079
249,0.024380782978169813,0.053791244287773377,0.7094203126225124,0.8793299555699773,0.04698002901057052,0.47502856123243486,0.05768696024245923,0.10848843486317816,0.21978885395655512,0.32561095719869226,4.633144991881614
250,0.36790171100561253,0.4442676713712711,0.13879531264128253,0.7169510742324317,0.2968572613981829,0.24573548503239495,0.20143550347510952,0.9058491486200418,0.08867288231479964,0.40670419261850066,-1.1320699985451306
251,0.46829107015708693,0.8631529934210732,0.8091334231434362,0.07333620954104181,0.5812456392759655,0.6454980462498358,0.11825830343918586,0.13145453316539202,0.504447036551429,0.6657232236059908,-2.849009225662805
252,0.2928942559281501,0.8647547374992264,0.37531277347660497,0.22577635598754897,0.4791213251681631,0.45514472937613026,0.8558073467466691,0.6119599682288759,0.29152717183792787,0.6039957394179353,0.12830148507595074
253,0.18610195820279785,0.9576068335281009,0.9239421166045226,0.6208581875017282,0.5381776708000855,0.8723174660261236,0.16793007616026578,0.24584016288322208,0.4055882114772579,0.05428293848389765,-3.883600775651732
254,0.2674823040781217,0.5598210520885432,0.5495710309276125,0.041391923452442025,0.3206202201530707,0.22467329720151408,0.9688179819600148,0.2510620108098299,0.9718852004240849,0.3355437280472514,-2.144281734075412
255,0.1579549119715371,0.7178661778828059,0.18011253924389248,0.3303373590779224,0.33674172552658155,0.7482516227809188,0.1872848893528668,0.1974148785265366,0.24162942099257634,0.4781159906173955,-0.5293144536692387
256,0.0917202011403846,0.09895513230698028,0.8915294133334223,0.8809377492374144,0.31996852116285723,0.7404046677233406,0.9279493430594207,0.05738874204655231,0.8214276196124305,0.725352272622917,0.24062604820687183
257,0.5244417732495794,0.6195054539089198,0.7675713032842248,0.7338932998581542,0.6450659500625585,0.7723303678165933,0.20373915699464695,0.5269610561974573,0.22792438745260113,0.424371083671479,-3.4313289554223543
258,0.8539944750211973,0.3777556294300407,0.3191197719013308,0.779694272176874,0.6547262772596457,0.2825226929667084,0.9337487673648837,0.09696425266179076,0.23797490630193796,0.46669826626836697,-1.746272651023058
259,0.4597588103881334,0.3695500956926473,0.29461210842790697,0.874062255512736,0.5198882694691978,0.9506992701884728,0.13912629561484724,0.2904617359742374,0.6288843965336005,0.782099219877522,-1.7087956872268533
260,0.48379623094324586,0.14527589339962543,0.09614413114406817,0.3021239723093354,0.6107679841661244,0.9755183758460912,0.40079116868587183,0.08147023688374155,0.12851728327103074,0.5042762526483626,0.9695039021427535
261,0.754634049665297,0.5907160810181781,0.5268657406741823,0.009658549578497322,0.8088112499258141,0.7519184132463006,0.20143223640226426,0.5126923755840769,0.057962524583386243,0.7017638797909743,-0.4423328258811293
262,0.27758405605723735,0.48451218819242625,0.44269713134958477,0.747682265104888,0.5472579352681415,0.6842313787415351,0.49306175811007347,0.883963476314594,0.6657360158624965,0.021930876141923905,-1.9648903680724215
263,0.7233177774223024,0.6533920587697759,0.8679454769584521,0.001028169206363616,0.09562517239372159,0.06898033406314019,0.8368944850460092,0.7406792711613785,0.6333693527531661,0.9682065094740241,5.310899021345753
264,0.34609595411170546,0.36097240199263547,0.6332452389790787,0.39580084633651536,0.7149680006857753,0.36002923365908923,0.8752244629286238,0.3937885689594611,0.12623359999279316,0.891162150755526,3.4828888824607374
265,0.4411203369569142,0.7872134072790614,0.90623806054575,0.8969085456318806,0.40229410684858913,0.2233669013859888,0.43583031497282054,0.18609448463257883,0.22287553002249483,0.3633413167323223,-2.924883136608884
266,0.558059029210784,0.9287798838437644,0.6441858902393168,0.9472159110964216,0.3884980619655327,0.24555038388717476,0.8088846719348085,0.7351627891647989,0.42946336303486765,0.7109164754942102,-1.1233806629397387
267,0.3493678206743529,0.46876023626901964,0.04989547605952127,0.7954145447319451,0.4558441977274327,0.36373505370969617,0.6386575397214064,0.38788441156419873,0.5531562733604086,0.8026362024044432,0.3891302090200851
268,0.05948153871017248,0.9350600423679216,0.39754351226830154,0.9986306021594573,0.7096690418699416,0.8058202962192426,0.5976569853305856,0.010910562765104936,0.970059998092243,0.3612838371884548,4.325357274994855
269,0.9766373235894664,0.4719976416160798,0.791302719596469,0.7213057767131453,0.9322460413384738,0.8920228901837055,0.832334736190649,0.9803455055513036,0.8222084543379041,0.4946790958944718,-2.28933718613944
270,0.25611008050257955,0.9414754925444099,0.2027027819217505,0.44880748703064677,0.889329568742452,0.5014187677279675,0.7076849173076514,0.6398424988150531,0.7967976634490915,0.1982552128778119,-3.0518477915882194
271,0.21910730604766315,0.3208168896442014,0.0668153550043652,0.5813576495285655,0.4535048427836317,0.9630716642126096,0.34080592615359406,0.4573441810449388,0.46705568765169336,0.5131260145724419,-0.7541306051653983
272,0.2468682460510757,0.5095779969884777,0.5242288406409796,0.4980825718032187,0.37863360122982115,0.8038690388831475,0.31579008939627806,0.17706280129949825,0.8126131340219968,0.24068920336831157,-2.9136475908775634
273,0.1534842118142341,0.5139609151720218,0.26049174519546114,0.18289002507458096,0.09491009336574951,0.663909865011879,0.2730764464062764,0.4309472261824835,0.21061275820823921,0.2598312674951998,-3.0125280909748318
274,0.7088190032961856,0.30384894141750085,0.21359034907406416,0.6166467574750246,0.30839220455734173,0.0782586101932563,0.5573666513719354,0.3306610505309734,0.25722464096569875,0.4513012599247447,1.247869373678717
275,0.014145244132678592,0.308237926054427,0.5799071294269741,0.04002823852034709,0.4910820931769748,0.7394090439148311,0.7257973548745347,0.21400569428461136,0.9120403733457936,0.4869253458066546,0.2500054090989211
276,0.48336874927997187,0.9503386445140821,0.04383480061460543,0.8417119014134706,0.08885920092917377,0.22366905075223975,0.568200870621514,0.34434062777418106,0.7308035295583256,0.5461354888688714,-0.2613601104449349
277,0.06101662504523353,0.21831269250378604,0.7532092259345132,0.4605631362540573,0.06657135219790866,0.07870574910262673,0.7110919310930126,0.36130200739638274,0.686270287811756,0.5273116044857494,4.904995286024607
278,0.47815532531238913,0.17889305266235422,0.11275364114543762,0.3034782767518036,0.49821689785486667,0.518365327002099,0.06053530073520186,0.1640592996763861,0.04171629870916793,0.47420932289600937,-0.6152163323836273
279,0.11636627244445341,0.35511753467023177,0.15987948447386757,0.6546787916096322,0.645191019368407,0.6795016923295011,0.7870479654186667,0.06386071647996983,0.5108627621106951,0.9730633066051059,3.8808869988403742
280,0.25954775678908293,0.27341444283159466,0.7592665562730757,0.06051122014704369,0.011268150435414626,0.5810751817517711,0.6632670967831982,0.536464867122568,0.6502460668947283,0.78480193761739,-1.1568695899314752
281,0.5084864440056038,0.9994017737456646,0.061385919301365166,0.42202045091224993,0.21306687967926374,0.5870799497299806,0.19267725119737578,0.2433330963148448,0.7300366702643885,0.3521710924398864,-1.9901986605957633
282,0.3701431342821543,0.9723459355966886,0.265058516615282,0.26441320760665843,0.766564153066202,0.6093005953044435,0.9487568981162414,0.4219416010704572,0.2876269199489062,0.5332359981495379,1.154498073999651
283,0.1785264831048361,0.2108962901554211,0.7351559532794164,0.12230038275930133,0.9457894531074926,0.4916146237409763,0.011656534816820052,0.5011159908573392,0.11351247425690647,0.41420016000566406,-2.8957016640054443
284,0.6846490167381057,0.41001825770470546,0.7629857862861448,0.5347360117329553,0.885381768523811,0.7890514896023303,0.1938158701564925,0.7066267638159884,0.3935333414148471,0.8700946685433807,3.189516738141605
285,0.5134207632094554,0.9558331231451397,0.7574455520358288,0.20335131003784024,0.4443823225700506,0.6668257532797687,0.008405017180452612,0.0005328166469972251,0.3888351606485063,0.1391154959273373,0.48951753895154865
286,0.9184240755606411,0.21779988310888243,0.7376737933204447,0.33418992659831226,0.5656918065874507,0.4870802046434727,0.49524997644063773,0.6495477964669341,0.21319139286381494,0.140738424912339,-1.2698146605574876
287,0.2782543133070827,0.08868733535849083,0.734276159780182,0.05128561323492542,0.4351769170517562,0.5725927633297474,0.4842124955970083,0.6291353360649032,0.22119845358201307,0.02196205134625062,0.11705976947794011
288,0.5298482585343097,0.5817788403027921,0.7917033320743675,0.5119230252932938,0.5601653904514783,0.06742830444641856,0.9670278468957958,0.011240319377080255,0.01829525672818566,0.4899053568206726,-0.9954644501624988
289,0.010412628896770082,0.5173937248542563,0.478620287291602,0.33149218082078225,0.5832812552391696,0.029741715244770428,0.6378414380396056,0.7077240373192324,0.8842969932632995,0.2344349273300128,1.8034520882681546
290,0.36779896209182406,0.4419074705575886,0.9299987186623948,0.0724553175388265,0.4081355968671042,0.2480767959963589,0.1144268603616101,0.41649135210338617,0.7244998060707988,0.13590608109129965,0.6774604568573488
291,0.37173240999348955,0.49918751638786096,0.6004568285561631,0.23221717434795308,0.9822705752052056,0.9183024993812273,0.507962440293273,0.35413279330566017,0.9325470205517262,0.7324941331412802,-1.739056661637136
292,0.6061802726947734,0.9093939792947299,0.16011036125662603,0.7311837007539336,0.21224711153204046,0.04455193190496365,0.7194727467573347,0.5872695721973368,0.09856496546682703,0.8137435123144559,-1.7982627784926044
293,0.3707939098540527,0.7835534111617659,0.6780464475799198,0.4277774649340673,0.5932118604982951,0.44690031176062084,0.2540684529549574,0.5191385182106446,0.8275010920836655,0.4368036482529303,-1.1958255683480266
294,0.13195318566672765,0.7159556889104821,0.6742387059071768,0.960948309964976,0.3558393957127345,0.8289582636250087,0.8051078648384268,0.04764362517485399,0.7065407860243001,0.9491063812126711,6.298948616628017
295,0.36063626379393765,0.09316275140351027,0.7757641933915798,0.7722871095018286,0.017998618148802437,0.49684338688605556,0.6263773992407721,0.3720126128593222,0.1189416210803288,0.5547708519765557,2.2737483811956514
296,0.7039519335021471,0.27988848264333144,0.9756925273190349,0.9890857854064766,0.49893793094112904,0.2129465749827284,0.5447982789496251,0.42888926092820334,0.6361012351458379,0.893956807218481,1.3264766166240096
297,0.49712842789844625,0.1477946504030857,0.4798121410849545,0.9039529536762817,0.8601712823090694,0.3659481666429839,0.7737154007617992,0.3343174932841987,0.520699720100767,0.8035060732236282,-2.420658046572562
298,0.25733792688110535,0.9676110121119759,0.8443554723642689,0.9422842317347571,0.9678907710382987,0.1810567937603519,0.7137789077672838,0.8202986090664145,0.599800069660395,0.8568701062060858,-0.39636022122739045
299,0.5823108138836854,0.6174901042808385,0.6310190044557913,0.969856569370176,0.07558792554794025,0.17532508053217943,0.17888370079202276,0.6704288575199274,0.27980280692797577,0.11462022564249397,0.04801493071492158
300,0.9780342205629844,0.08106895585432161,0.5184294864442576,0.5490822364115446,0.6115733317515692,0.2357711207258676,0.25264433806717235,0.6589970611835125,0.9690922879935918,0.7533078340272238,-1.47939794729008
301,0.5320466241103473,0.3160254346997011,0.5524693432678407,0.7145505261837404,0.12923563050306874,0.379622019897485,0.16547466408462097,0.6142260679964255,0.9876606548945126,0.10192689883872841,-1.4131378595159563
302,0.48432055893107717,0.6490579104007266,0.997532675709078,0.7838189005686826,0.27892409088193537,0.641793643690947,0.755263902448344,0.7180379556362103,0.3684170058015468,0.2611379668963779,3.8258898924861278
303,0.06136941032342269,0.4641736550779635,0.08255948299227467,0.17729590270676476,0.22155553181238563,0.9522926960092211,0.8574714971610511,0.6434196036349268,0.389499834776347,0.9436048066095175,0.7922584565191646
304,0.6065260054243558,0.7199539306583083,0.46129564894367103,0.9269844618011629,0.09798978122501945,0.2468096749119031,0.9368345285650541,0.4670178743627704,0.8258756738273274,0.5939567024099695,-0.2720664591900431
305,0.7301461363902134,0.6227409206436199,0.3293430440954529,0.12437904856093929,0.05048062253373631,0.9883930707253575,0.9941950476514813,0.09253982859457521,0.2600863450213923,0.1473730729449334,0.7500556178591635
306,0.577943432170558,0.24269783551656443,0.37796890031375086,0.5304560374521811,0.41550129197718755,0.4739370913856543,0.5800966969036024,0.34004107698198993,0.24598249241867975,0.12230369137646424,-1.7730829671624808
307,0.12089246148006039,0.15985837388670887,0.8311566340040688,0.8906748013792831,0.6256532416346756,0.35638775564372427,0.30577899078971016,0.9305814061008618,0.2685373949633747,0.5148212310775614,-1.1333513952445629
308,0.0462708655796652,0.9419112646095055,0.5840114885088674,0.9991065920699288,0.10680010812123508,0.3465719999011464,0.7221285506575871,0.13687342124462032,0.5952902312457173,0.818847344070275,1.5555785368138437
309,0.1264823622843353,0.9419190829002916,0.3689871742163351,0.6072079379614209,0.8329014891559755,0.14583099078224926,0.678588304662467,0.9493217202468772,0.91473528011665,0.08922705735737524,0.4043714388028716
310,0.015553601868647626,0.12564475193756997,0.811432079603736,0.9815973720156677,0.06883456489271556,0.19715998333688145,0.8765336990880094,0.542360570586212,0.03452528360557616,0.28133849727745597,2.4275739889035295
311,0.02741321590380985,0.4706917929056592,0.6016842985915457,0.12518663413941222,0.779316523690315,0.7610304236576718,0.2539298304858234,0.980910635687178,0.9940448414628952,0.6321110917118149,1.646317662044243
312,0.6808045149305401,0.6382999888319957,0.2532539155287926,0.34716050658665976,0.8483590469048399,0.7482621336497938,0.2180089682327131,0.4326696207166042,0.8692865658676557,0.9215999369571759,0.5946072426145785
313,0.3037236447332804,0.9734942658000854,0.4624950378925715,0.3150860781140079,0.7583074323693707,0.42771772086279625,0.34997554913028606,0.9962859912718368,0.35638965335552175,0.12057843295110116,4.189573787369644
314,0.5376467631209852,0.9459891344723032,0.18270536241585478,0.9706651311115587,0.039264759583765296,0.7528141299672626,0.746928516032448,0.5395370507636879,0.8775307612296099,0.40386927986470744,-1.5860493739417743
315,0.08230403285210919,0.1749525076131363,0.5228344960981686,0.03795239018092922,0.48481380351204995,0.6168777224050707,0.23733832209050332,0.31535449249359004,0.643145425302431,0.14582199246093808,-1.737385206412403
316,0.3675921903812508,0.15859809859378315,0.20808035279784076,0.12695349272911594,0.7390294033005873,0.37311598245905553,0.5521218321699233,0.9492657196761671,0.3271101078856433,0.6292638129415844,1.233423863161021
317,0.612790638338078,0.3914807985808596,0.9569473327611719,0.644938953809804,0.13755939681205065,0.65336987888481,0.2457449712863199,0.3291633503427088,0.8553417481537483,0.7080960791825669,-1.463481189170575
318,0.007341067283728631,0.05022523163984394,0.1178223935818482,0.7286262080125734,0.3302191404072883,0.9500368071141644,0.6644855615443422,0.6937247659616368,0.97608432457273,0.7929402734974141,2.577891945337436
319,0.11892445513428329,0.7627679375484948,0.6006693524607086,0.2377506739507801,0.77441230499515,0.004182391524926388,0.10485727271050627,0.6804796607735876,0.5129873977382682,0.14247335622133306,-0.04672375111257432
320,0.008979752510407946,0.11349580462205633,0.8844038324849112,0.3022512318089864,0.09300849662462629,0.5137287709018192,0.3491124625019749,0.8483595200588456,0.565796612675792,0.5321493405948655,-0.20032911346285046
321,0.8642755299136198,0.0012310361415350801,0.5731983581057082,0.8292849047016382,0.24226437737999007,0.9219974040279921,0.4289560132420742,0.382669997179622,0.28439688466767044,0.7465898073943724,-2.115627733842928
322,0.7152048246283508,0.22686437576841978,0.9297830933160097,0.028508145639867033,0.1905741571366265,0.7963401774308675,0.1939537153839963,0.3488128949901612,0.6450030333279326,0.4085259777078152,-0.20834650510778685
323,0.7520016204102491,0.6380835844289879,0.48614863745416803,0.3759940317857373,0.7361374560718151,0.033125593394061514,0.4608810537294099,0.9668225967706306,0.738243579684544,0.7554760556388377,2.6824302426008972
324,0.3718265766108044,0.07204670985602746,0.6075703091902735,0.3190029389132881,0.5038834692806864,0.458268740132174,0.2853146134920034,0.4861252888877563,0.011176061831720263,0.7744116439424136,0.9319165005575909
325,0.16922199228584134,0.916669186434797,0.035108788497641874,0.6486610576210113,0.2411594079311663,0.44241975809961576,0.03484293649500292,0.9492297471947477,0.42100511009293307,0.7997949692359598,0.7666673387278676
326,0.9798795482790027,0.36574666369096287,0.43610495557300033,0.22038821895512428,0.13464218838737108,0.017143501341393308,0.9619158532438892,0.2745344734081623,0.46025685394005367,0.5308058699722884,0.3797999157837282
327,0.3750063944688763,0.6646361673715272,0.04491038724473628,0.12775143519147125,0.4556250591716352,0.7897495104325707,0.7990863961510671,0.89261474393514,0.718331023204923,0.3782067136814584,1.7070183041055724
328,0.34541298358491623,0.4409953955348872,0.9230177385608092,0.1337666584891034,0.027951008366424834,0.6417002150624599,0.5910025340692657,0.23273506406492117,0.7038081300521175,0.7273922039997205,-1.1657945993282135
329,0.6552433759169337,0.7382964064972345,0.8752817825741322,0.6519603742428849,0.8591302481412975,0.4416238360548498,0.21666449587367442,0.9264598775336694,0.12587024144103753,0.9564358454759001,0.2281349414031599
330,0.4412098161359427,0.16925193782592585,0.0846113137022676,0.9937007582765072,0.39694591432076165,0.1276451855169063,0.2330734762608344,0.4962774946916365,0.9697234775675132,0.160457025797192,1.1094227556714549
331,0.3891233822566095,0.12890440060633235,0.9025775169837263,0.6923108666653215,0.3436859163742141,0.96766067462209,0.26086473564079604,0.6631002143170556,0.7108872468045861,0.44392152029907006,0.04678170637114909
332,0.8989112151089554,0.3344531484926013,0.4494431032401597,0.5821486910760665,0.7757571597188283,0.21345040357926148,0.001561735844290757,0.8893148725763085,0.6974685064399282,0.5461300984295668,0.2972294645416321
333,0.05543467339928154,0.08815169678532842,0.050596486560873455,0.25573597778137547,0.5378754931418966,0.09749630524420683,0.11980663407045633,0.6857619075298427,0.07108236552987279,0.4722270366398047,4.544250229429793
334,0.6187811670139234,0.7443118279903902,0.8476977721429878,0.9727376201898111,0.6579746895981615,0.04188043202343861,0.7525147781656926,0.839542196915882,0.7918312665599875,0.962256525881294,2.4488732376815667
335,0.4555047881641727,0.15825499309101876,0.6863048806438349,0.5247792462587395,0.9409025558292908,0.48508195973441315,0.8892671283953676,0.9529110701011344,0.09372197777758617,0.27995775228976727,0.6313020806232849
336,0.8727941626905392,0.9176341282636306,0.5468150446662738,0.08878216296796304,0.8334021429533214,0.12725811008039345,0.39413599552068934,0.006274788615355575,0.9306094657059154,0.2581328274874074,-0.6533552073942582
337,0.44291594994780503,0.16857940633024926,0.21604725550462867,0.22115085930266298,0.7026742150240505,0.12804980333751903,0.7957054964157796,0.8670037948937408,0.11844014261484148,0.41630933861526365,-1.5864796257795164
338,0.5258116543221253,0.7010224058487224,0.6184218979785542,0.12766166358783837,0.23428059607365959,0.5212258618843402,0.7192451835965721,0.6707489114282329,0.29888739927713315,0.029510226909605253,-0.8999461573787251
339,0.03547155987130268,0.6306218863743832,0.07265760897022155,0.22828394749235736,0.18939201776648018,0.5170676517965727,0.6215694938675018,0.5830414893980901,0.4976504949622307,0.5864999239986014,-1.1480768051012404
340,0.5800510725709129,0.9626158922826457,0.7590310089918832,0.8090525287674413,0.17246461646642686,0.8366421708294982,0.9714503122469432,0.12543537739721844,0.4580102683588181,0.21336532040332978,-2.431381103042844
341,0.3747624136144099,0.1906443909950244,0.040895033038554796,0.35578701125794465,0.9821511512611046,0.17961868021319027,0.09579895942795913,0.9461012198237582,0.8717342143272948,0.6787839353198829,2.382386129490017
342,0.11062129119247477,0.29645457000530806,0.11453837031439718,0.6703475620625086,0.7691488944394392,0.26833823762044096,0.5271520614613003,0.9094480292087171,0.7817764023965768,0.9211331884400601,-0.19387014171249103
343,0.6154496173902684,0.42010676526051904,0.017816790952682515,0.7421158205130499,0.7657459679653219,0.9972264580033494,0.8241120022846271,0.8985301637147509,0.1946964111934837,0.03544315252340968,-1.19264738973306
344,0.15628751619288095,0.3655273384587162,0.22081757815055159,0.10687977973940999,0.7055772615145773,0.2810450281071226,0.562110623163581,0.6183753431140108,0.4678429569611331,0.8849216012418406,-2.183584173638236
345,0.902697598519428,0.45866906900498194,0.8528347812323528,0.027196073404789245,0.679622132592491,0.2382405870301466,0.8479659751998196,0.08478600958898141,0.1309146367606966,0.6248358092567032,-0.8626942076483233
346,0.6387940856104355,0.632442652346168,0.3891209300371824,0.9430462963331545,0.05869978087917027,0.7535021297578735,0.6553185214495001,0.9189551741061038,0.815323260683727,0.7409984833739738,2.3407816653119378
347,0.04986522165454088,0.9290341643446306,0.2810816083184241,0.2024956218073315,0.9451758172346142,0.7374190002759328,0.3627100555080407,0.8096407272914562,0.11272736598489219,0.4897127212746718,0.13055668982590113
348,0.5304879534416672,0.7238129055493974,0.937176888181852,0.34843602732107437,0.838837001998085,0.22633560776809547,0.5693827194014456,0.023549269520849236,0.9059715034168603,0.863580147046368,-0.500811709326993
349,0.2972660995252787,0.2894827542051709,0.2951585384854475,0.8810913931942651,0.7318918076582472,0.8534614936775967,0.053674596306987676,0.9535745566411923,0.43087291727169297,0.3557011907034019,0.7998837066264676
350,0.26327253156935193,0.5621702197597577,0.9078830925322529,0.5330185415508939,0.5235708668042585,0.25023636390652526,0.47079756786931426,0.4859555643214978,0.8651674649324855,0.32281520308727496,-6.668985460118759
351,0.5920843970591262,0.011931460531660276,0.8726909254066665,0.3465850966497328,0.2908728307399463,0.9816015581871663,0.5743533075266013,0.5553657273442534,0.49131880424422225,0.7342491231318654,-3.5976515651735084
352,0.7945776583353588,0.7672648691994398,0.5849278344853542,0.8122541836540875,0.8049978397495158,0.5791459243319467,0.01998947718493338,0.5230444299438975,0.01946573579955646,0.8125638544880673,-2.644737988904934
353,0.5432395830268424,0.7875663208111475,0.1836812355249997,0.9117728359657054,0.735626979760075,0.6480852604732437,0.531328344468629,0.027077170826514063,0.058900703083314965,0.2392096050102659,-0.3899478967239979
354,0.8732801879580032,0.3164184251091544,0.18772955893892285,0.03172890692217867,0.1442422390509871,0.9203115738817605,0.68656572200374,0.04419397338952891,0.07171414208052895,0.9956744458762865,0.42473141776136986
355,0.14036741797311236,0.9323418307265947,0.26972406967851303,0.559984735731817,0.9794206446479836,0.3458123755519512,0.28852357281151253,0.2672400893603194,0.7529622290689224,0.7774418445899143,-2.1521233142282346
356,0.8438124209716182,0.762221216126701,0.4446457865110165,0.17185370513893417,0.050103575124396116,0.060493689231546965,0.6530284563046781,0.47218773105234346,0.06391879020841651,0.033384509831591025,1.1393387478901027
357,0.38310149734757404,0.7896518888446499,0.47474415985569807,0.47100527241235113,0.7366846288917349,0.4958995056491816,0.927350871349507,0.684711213168563,0.6086969533660237,0.6201280285631303,2.3383032793325147
358,0.41029407645882365,0.9815992943450025,0.3613819024696865,0.12921428393258216,0.026152275366203792,0.2715614961945556,0.4012893720543368,0.7663252817610055,0.9242467230883318,0.1271800197680777,1.5694229899122187
359,0.07767616086582252,0.8898301386307266,0.7109796165281949,0.5425346971734661,0.981352874858848,0.5793917402393963,0.30167744540247055,0.6319213101763533,0.5998324600274654,0.8597639023777508,-0.168673983744045
360,0.07089128231682518,0.7789120390558152,0.6786469168196655,0.5446848115008419,0.5248142940025363,0.9861150610545371,0.38270681506468807,0.8888581675599961,0.5729495155596153,0.4332475968009353,-1.0421987173616392
361,0.4019960391087407,0.1398552580278568,0.09185445839419382,0.6838176163867905,0.5665406372545767,0.05757052403793328,0.055225405306669306,0.34153098215848177,0.5634867070621232,0.8079852282942273,2.7631439226478953
362,0.5429868015812273,0.15982325512242346,0.07254079791265888,0.3091106263708884,0.8660372937997067,0.8657467881168871,0.9455090736704529,0.2842294916043089,0.8042965506949443,0.16435945342412706,-4.237425060969688
363,0.16324118682220168,0.2608742208911313,0.7150858875515667,0.6615966028312079,0.6193421488441347,0.010288993852202721,0.46903804612000755,0.13180613702763921,0.5548489593133364,0.5925843739180476,1.1063673521277875
364,0.04429480333223179,0.7948045172005261,0.4630029747199962,0.9735966632957812,0.1179648052264628,0.7578655485150368,0.2601539202670249,0.3065117974224556,0.025463985009750778,0.05937696293781447,2.2663157754795105
365,0.4708451062713612,0.5354668320811873,0.5344061338942124,0.2635636062715453,0.3151958761372965,0.6726052542645427,0.6199756530002714,0.4945044963528188,0.09517701364191233,0.6005029915877123,-0.2557155965787077
366,0.4392800595500983,0.6650805729004364,0.42862401742262535,0.6782535376473795,0.38524751538926805,0.9940937080252101,0.09354696537555496,0.002862030303859453,0.9161323801909197,0.29539146541727723,4.665691200323674
367,0.712170788857219,0.7739538145707366,0.5740676708802794,0.9533159201254423,0.45744074084280506,0.10771937461633574,0.4015703963640913,0.9466773429614876,0.10554961379700756,0.4612611945922601,1.2849039793931045
368,0.29313479985696933,0.9595022852443794,0.4534433884875331,0.5359360879510136,0.7636829040863768,0.9612903491295822,0.9271714609234987,0.9656845667865103,0.3034188563040906,0.4781031478145028,-0.8803874105837195
369,0.6235318465923027,0.13769613088463373,0.11661832801798955,0.2279606679805365,0.6160949420750893,0.3658907383265031,0.9132019407627671,0.5738409481505552,0.8327552125892546,0.06440007096698208,-2.7829005558047846
370,0.3252554736794573,0.31109318939397224,0.7267754391888831,0.1615798991444507,0.14551754625814184,0.7687553351856009,0.285253124240177,0.3514173943821759,0.11587555907704361,0.6628956785003087,1.5307093232842526
371,0.6837979425470267,0.7447470657334673,0.22052418605758495,0.20212164749958317,0.9262857218202523,0.9189166300957085,0.8786151885977671,0.19287849501596932,0.2582792684141534,0.7436342446977868,-5.2436924493825225
372,0.0947943884425676,0.8988046798272341,0.2899229964829704,2.325317052942477e-05,0.5909492618783864,0.8647578674008267,0.6452626396551329,0.20531624711925445,0.3646398537775014,0.9915226704683195,0.09686304720818642
373,0.8440010253983065,0.1683905251789577,0.45673098088603714,0.8531601725931554,0.8195602312419303,0.9227705669779263,0.06478193252090969,0.3225780508399917,0.5481894366001062,0.4844234906909691,-4.418641600798237
374,0.6434645776716749,0.8831089102526862,0.713884863794775,0.5725251732417838,0.730951220436526,0.5616988639170786,0.19146032587431527,0.29123793620384386,0.4613816094787504,0.642219558776591,-0.05386567285171062
375,0.8400530484959935,0.9945524209763428,0.9825377835652547,0.9962894437974401,0.6871804709488494,0.6344800437926394,0.2501722271433827,0.8322364784966972,0.4179940567070354,0.9392910088623401,1.037596286935476
376,0.4373242814020384,0.6190392683883782,0.747378113544722,0.3437709020515267,0.42205486961200345,0.8943909354739082,0.8294410982848147,0.10815280756495704,0.7205151872698935,0.22711765099858905,2.6808262681605166
377,0.724466012362235,0.4235456618312484,0.6759637042012385,0.7707732690291144,0.01201108797924677,0.1564765213710888,0.9995738161176554,0.48446957383331235,0.6522109923344053,0.13508157976128488,2.008899595184894
378,0.9296289201185555,0.6913763541719323,0.9555842829587551,0.9237209836286179,0.6317649438854434,0.5688175365490438,0.9821148771597109,0.47260226898381985,0.5956807066088303,0.46723928307237317,-1.3315677630387213
379,0.2665255657280742,0.557082009535883,0.09010317350058594,0.5370009349478002,0.05650842847997706,0.20031147134511051,0.24114408391359377,0.024619765603829835,0.8109152654776971,0.7131150124648588,-2.7861768177570716
380,0.7395993979577516,0.4890905341934475,0.2994827415416189,0.7418221424521689,0.16807531718896573,0.4133845099606591,0.3873534558131543,0.14332639258954327,0.310337495994201,0.8200127778088757,1.0036310828744732
381,0.5851078136243024,0.7821729848457876,0.6024270340099804,0.951991037868137,0.755609165338036,0.22340540221027738,0.8909449697879693,0.14067776578639968,0.2981762131773792,0.975349306837151,-0.7393191825967836
382,0.04491603057416027,0.9846832029460748,0.5954667402038991,0.222140971018149,0.9562356166967633,0.6234602246730774,0.42963534339315523,0.8146177413312831,0.09457788853436366,0.48239441712025843,-0.10683978520348114
383,0.6667614893531885,0.9796559449539091,0.4271585043457241,0.004300715788327247,0.2972783501478765,0.8563130428135592,0.522219880588129,0.4509696402655502,0.4336818479078979,0.24569377100178236,2.3674607524511333
384,0.5477803142166406,0.5279975364577038,0.0912633144730961,0.5554665960140098,0.0671958675661849,0.3305484950456038,0.4391201182295772,0.40304631655531464,0.4263771942131598,0.9586410620256287,1.2524574751024542
385,0.3290165464604995,0.013103679068516061,0.34992793756585205,0.080780648995882,0.2790005734461959,0.26869262973619557,0.559117069151033,0.7599668767269446,0.18244972575303964,0.9627127526723371,0.8044528135458608
386,0.4440944457669569,0.5864262515778624,0.6398512757874821,0.6142137352001743,0.09591127345526951,0.4824500584598418,0.13307796808628447,0.8878994738374156,0.6806642509632378,0.5889232255748557,2.2694899575641427
387,0.37063492374731255,0.844986177167676,0.41143331208249045,0.6580900351144106,0.06730985881484541,0.6604315087790286,0.847756684016325,0.4334827533474781,0.9991125160571569,0.028651442569475605,3.2828784355760283
388,0.5604431973070547,0.8249429657549806,0.19173664397214074,0.49239442085918517,0.828648588672985,0.31830790391146413,0.5381596399784025,0.3916336050644247,0.40166719010430363,0.24906960142415746,-2.2467271587027717
389,0.34721035940589395,0.7192253419910883,0.7779170819004563,0.7560852011550132,0.4934751868666556,0.2508820673674118,0.4831286380738873,0.8755322524563467,0.1009892642211675,0.7792074261705279,-1.7978472407213577
390,0.03185941141791504,0.505506050444783,0.8977136307001833,0.9130794897813337,0.49168187207538994,0.4385814908315976,0.765800190813029,0.6147981675818752,0.6852249765678028,0.12451399416521325,0.05593678664708454
391,0.32354504467031364,0.35755391254518665,0.3041871108964773,0.03871530368909226,0.13934835188468142,0.3114252727989968,0.5104442662491067,0.6804906566355021,0.6196508188996988,0.033438487794066885,1.885330342223925
392,0.7571266979742739,0.9082784027020473,0.6781579018556851,0.20666777380709012,0.13125392337279695,0.5630797321209501,0.14758693984854288,0.25910478987262464,0.9778355703854525,0.903431171503883,-0.6950361233452056
393,0.09535697311773772,0.5731643106194985,0.23839460985208205,0.6663337683839172,0.42930023936593076,0.14066797499953299,0.570146411142056,0.12114268949985152,0.8839882943098133,0.403852148189914,-2.2820884754182744
394,0.6779891033412896,0.033966414357639585,0.8890985702092729,0.9771612408637379,0.6256241370500548,0.013827280766898986,0.10253568604217744,0.8386619836410136,0.6809225101643972,0.7336700923060727,2.93814445504277
395,0.7625426460503961,0.35847474753668807,0.7212224987783467,0.15582116289890957,0.7696597912262637,0.023168883580039656,0.04682850967465757,0.013753409196954003,0.044862110284543344,0.30419493428211186,6.081082193394877
396,0.7568396139759025,0.9777970293640045,0.44811484439587224,0.922942198820189,0.0631131401322419,0.27757596714093746,0.15753115683528396,0.6853069582192791,0.021292701689586746,0.43481800322362896,2.0980979905936277
397,0.8063285870374064,0.44879380805496993,0.8833233576888324,0.36732028639575154,0.6853483346822788,0.32490032438233307,0.43016599275573053,0.5643356479134961,0.8644026545184699,0.16403854737784318,-0.9154664355779224
398,0.19797697101157596,0.6798944504252233,0.989133688942817,0.3627134508205181,0.5129955659703781,0.8520705669068797,0.4012224897840565,0.946856064944456,0.6098884414389398,0.7591163661288592,0.21061986784539005
399,0.12632390105550184,0.4669203209047037,0.6684937299621346,0.48678686134799787,0.6964774586320284,0.1322654423359605,0.6303767449068112,0.7060211864513803,0.27497195789744666,0.09011584233968051,1.4449743415964544
400,0.9367070681186338,0.20943780449661242,0.5589517584443755,0.15412308262953367,0.09281040742604796,0.3727265841021772,0.8146861660277961,0.4996060981875916,0.357467113056963,0.6386368056741141,-1.3174742094713827
401,0.15839892451331405,0.8498180473966208,0.010701196036936866,0.5813387742824523,0.3667660615220216,0.9123950644157274,0.5050960521637706,0.8588350261511237,0.02898653344206492,0.15935901768788407,-1.1640931959474297
402,0.39421623242822723,0.09396456234807615,0.4714620186480858,0.09469773470032639,0.837877575259126,0.8742920974368192,0.1929178502233494,0.9274680263064409,0.07870947882604551,0.46788916686325344,-1.9274100785523531
403,0.7395421846245623,0.7317019020666525,0.04607910697041606,0.20660963477323557,0.9552799680642646,0.8611899723495006,0.897113669993508,0.3166977326432704,0.7812494042608612,0.06982575543995151,0.6712789781498254
404,0.030390037863045505,0.17084938133222538,0.6163601811372922,0.9008233860312008,0.1544031057888211,0.025071805978269968,0.8531728656810955,0.4492217221945005,0.673679398060189,0.7623905164198735,-0.6713012623973698
405,0.8420637566564035,0.6279306775567917,0.6865364066458893,0.8528017511761852,0.7902459327917053,0.21745202119075635,0.5612691539133223,0.40052650632464537,0.6589615386733477,0.35253535728984153,-1.130888087770831
406,0.4664131536958943,0.04858110775579094,0.8548491261069293,0.9989230075623066,0.3377761421010912,0.35788714079202777,0.4147926773463676,0.9211029531798353,0.9305714557983761,0.8688731957472408,2.7921547436454643
407,0.4827194288784561,0.7775211561031414,0.14997265153081119,0.2728948336031938,0.5272274459039886,0.6744905581125871,0.17469351882635742,0.6716709146291553,0.9969244642347072,0.054671464523011304,0.16458133078275608
408,0.5327125267991905,0.3933634361264732,0.5462976849052779,0.7450804000772632,0.8096663109575353,0.5785630709564052,0.7009099372870368,0.8231945146691425,0.9654145551998279,0.8954259442885647,-1.5387716532734417
409,0.5272544919792781,0.37841242525420293,0.05648109595809114,0.017857686320330357,0.8964264321205422,0.9962270177297098,0.6807802076349408,0.4538216717191933,0.15456639710572362,0.5776996795573683,1.5273841324678232
410,0.7951772240687386,0.4738705715089663,0.7758669538121912,0.29499317419676485,0.6957928290999549,0.36911870619786724,0.32762513709283103,0.5520855824062066,0.7867578639926086,0.368246539813311,1.9518399301256673
411,0.9505215060132798,0.39639834735751,0.17191784059508197,0.6458078575236568,0.752098996693904,0.7964158625089454,0.26730858474902863,0.2808812489007888,0.30608025612567347,0.09047474466470729,0.6079458560958813
412,0.4174869822753976,0.8692392992325696,0.137180793598617,0.24339603466858029,0.4465268893138986,0.40314859371250056,0.7099473351084084,0.4026680153065899,0.09279503979906722,0.20569841871587846,2.6227143355084706
413,0.8285243174749601,0.819967237781158,0.4014804537355695,0.260278945401194,0.9486098307158317,0.488505730527827,0.6046325862609169,0.0863669850157518,0.17177478090463916,0.08696466227441124,-1.6288969270105023
414,0.8938563653787466,0.3381694664164283,0.22610678434131282,0.12142954327713962,0.8852940060153074,0.8806660681883653,0.21580211796028037,0.3963353825879272,0.8717387392495277,0.5078284123858003,-5.23214568209492
415,0.5530131242232809,0.5362331090683343,0.20517829320647207,0.10876824022188558,0.7157540094143879,0.39286034853402396,0.2394490069684484,0.3756388229563066,0.012724471667429849,0.7561587378293392,-1.6651991420367722
416,0.5283419231150762,0.8368246440667904,0.22579773480641052,0.20442576158550252,0.14726645311788844,0.9976818413930639,0.5398770699304186,0.7350299735880614,0.9848721589224089,0.5734461293329037,-2.61373027390661
417,0.008114838039301575,0.20909466882340388,0.3614663394805502,0.6403912671492835,0.21019408079179291,0.17757656139220246,0.7196046250771312,0.26679733052122645,0.06871971380436348,0.6242213971311179,2.6584742694708923
418,0.46504366212854087,0.9552788457314743,0.17183200905077767,0.0861346977673072,0.7834642389563858,0.6778932412392001,0.20198196111820033,0.06895344551804239,0.0989214363555404,0.9896004448969422,0.9759463807914356
419,0.6609136341149209,0.4843722096440337,0.33503077997370767,0.6371677997792932,0.8549795551185397,0.8160877538499088,0.010583354610274598,0.3375694945172083,0.6031384516255243,0.8435303751053792,2.0645289339489494
420,0.13638678598611642,0.5655336864728667,0.4048812976341333,0.6821361889236018,0.7535304373194411,0.24902678879907125,0.25677016114795215,0.08614324856712907,0.7615446329836707,0.2446719776291596,-0.04566326403178922
421,0.37709723359686453,0.8006056900842958,0.352356412910651,0.9961908858833882,0.058814590420083634,0.5680698383275763,0.7197779805608016,0.9149827191535016,0.03157052986217035,0.26344618826857,3.4194442171152497
422,0.09440598359925412,0.012219249592889225,0.19571153246244288,0.9731094538891069,0.901724473218283,0.5295962588483759,0.7552815124147942,0.4307196106258452,0.9960292390539881,0.10174989220807229,1.4145368540094687
423,0.8204646572049437,0.09813349863416243,0.7169530862575758,0.17928601819952594,0.5630489884070677,0.00922831894864462,0.5981068586173484,0.31484128877010764,0.4394260694697024,0.5397027064500134,0.10999138915715412
424,0.5616862783470058,0.2557070754445727,0.17071606895869207,0.5269542521540704,0.7369093448603146,0.43744646609907234,0.6704341358423646,0.548653228213059,0.2118367299168501,0.004849364572183212,-2.8794557352228027
425,0.8199379926026984,0.3764424126968602,0.27033558627567866,0.9422552773022616,0.09126785654115643,0.3087527447236149,0.6376449102950182,0.02559331449913904,0.20774395108867993,0.05553359862904195,0.45642592563747053
426,0.20347273983436698,0.32103324958249113,0.7399983764659381,0.8805864013171192,0.4370860438396652,0.14818288550097625,0.9995433085247122,0.12573038142736181,0.4610528438000151,0.9811000255739303,1.337254447302084
427,0.8762271550772834,0.038906135117342755,0.6428209499285277,0.818424542845849,0.14720862239602805,0.9085750646753423,0.13781112362180215,0.08395359648210643,0.1622507179054672,0.23456712511816658,-1.2358721638881827
428,0.46663550933133324,0.8831541738388815,0.33838281367087253,0.9626380099964199,0.4026501859818321,0.04887834624883025,0.6710087266133947,0.948040851336938,0.7204864355977916,0.812733663362917,2.3440446081551185
429,0.9320338269676651,0.3370335692455957,0.9024619009457356,0.8315472885236459,0.4107237959679799,0.9650293443869117,0.5365685612733658,0.14288692736148834,0.1678242349481428,0.29608984004934624,-2.92831895023101
430,0.6417815650033855,0.751876496899835,0.2583519528391839,0.4809321033217381,0.7833751732959575,0.740448680026439,0.9444176117931345,0.6224657173456531,0.6248718403566229,0.908366635286368,1.367150147867671
431,0.44472813653848153,0.5647158374812028,0.6344797164493194,0.06454957837034847,0.02451827993149991,0.22057929568687762,0.2849598424052596,0.35265366889035077,0.5647476739905894,0.27962108165959276,0.37908135860812897
432,0.5358346329910685,0.12627855771881702,0.7408529575538899,0.26703704459745925,0.8835025430582437,0.11270209761358752,0.10211618731163319,0.3745675287709598,0.5043061295182681,0.6216757692454025,1.8518189256227657
433,0.6017037338171342,0.27037858053664676,0.08281173701986544,0.471076790930279,0.89247991155991,0.6845236019176629,0.14765823168144454,0.6082897770218169,0.22203976157813599,0.4547298903745315,-4.068045514481468
434,0.8563408717610168,0.4828774055879298,0.11645829454504364,0.2841229191741931,0.1056040762670234,0.7459945074453987,0.7221111907695872,0.7926304317914487,0.650696011944722,0.25835750056079154,3.6473830207011737
435,0.19847622138493315,0.4726488838578664,0.6591576228618782,0.34928378381080083,0.03412093756693346,0.9692734959083963,0.3361286556962846,0.2359529320635435,0.1501706486425245,0.7716963705358902,-1.4888723480716997
436,0.5787588876203869,0.363924458797269,0.16487023163700643,0.7046841811509471,0.07733907986410582,0.3328781013902268,0.1977709440634714,0.5102714053887472,0.5014251815059605,0.06753262175568076,-2.569918711879624
437,0.3867327695666265,0.676806163350586,0.37484548715534205,0.14345784868379452,0.7144305808253067,0.39563529753646687,0.2321559809766568,0.9269487808686724,0.5526548972837346,0.2937025789615676,3.0240543771089907
438,0.4202181124605848,0.8485722733339917,0.340847003693623,0.15530149157312645,0.573374288175048,0.5052151565961858,0.3968873529921646,0.24973913301440887,0.787841904665823,0.4515717874523486,-1.8977774500994948
439,0.17989118268452942,0.3842810559907558,0.3519204975334781,0.2025983182024056,0.05607768973129568,0.9058340476071904,0.8926591245003481,0.22907639836045113,0.6836725070987718,0.7539243535660677,-2.2709855229824405
440,0.5201639299432468,0.28186543222402294,0.7262449161254948,0.4056189191195466,0.6739604162967731,0.5674207085060768,0.4319522878586287,0.5228915419709924,0.3166394782875137,0.4438337819216549,-0.36230090619476607
441,0.5513920144906024,0.4125065306262611,0.9411398324630971,0.5081283663140834,0.7229417137620273,0.5950869374567241,0.8398568054324846,0.23807256229717622,0.8308305930391151,0.3210966124379443,-3.440971174966742
442,0.6493904029843238,0.43945746003029784,0.08626131792199487,0.14812089142670126,0.9728859865621352,0.442677877125668,0.21068440041681513,0.8377257846320925,0.9176898502854498,0.29549784438449145,-0.04019317490324359
443,0.22048739009762086,0.3171262561085155,0.2767448268185886,0.6386169915604378,0.08653498384892933,0.980581330311502,0.15446325309402276,0.19638842419560454,0.046894682955434086,0.8758126912345473,0.3133150373428821
444,0.3227601633164261,0.1842269681513714,0.2727200546516926,0.18081722489462804,0.5837726295473776,0.8109253690896376,0.4852047816071198,0.17749461074147743,0.26028877634175285,0.37709466023758786,-3.166351510488366
445,0.18866326462287242,0.9941542332470147,0.058024229578988895,0.4906271018413416,0.1250009575837857,0.12227502730066175,0.2854002889131405,0.4890442936206062,0.6575227365047883,0.9135468019374846,0.4789507494464806
446,0.5776395745910318,0.3668123630395175,0.4521970750667811,0.26908049274340606,0.7092847655646484,0.13316673220383113,0.5947558950088118,0.00721939952502082,0.0886950778564275,0.06519707763687721,2.4878940362561743
447,0.6762945311959919,0.961651066574004,0.3691906344411995,0.585271367066652,0.5635020164282408,0.7906488078928451,0.3741848537200506,0.07380926303209767,0.2591098813409861,0.9722151475702047,5.110275106507726
448,0.23504377074468696,0.821418668814132,0.7628024656967004,0.09040635111125073,0.1485144039044981,0.13461533733092224,0.803533104828689,0.7832952112477365,0.341626863410882,0.8850612498165665,-0.2594242751357681
449,0.676381589806827,0.4823460315807888,0.5550582845693706,0.7202934970329113,0.2498855625217612,0.07934815909529347,0.7759626201469463,0.9692946277077666,0.5013761574386286,0.3237760447091156,1.0986068756159146
450,0.269932926686412,0.6665453683813352,0.5056077544423271,0.7535079942593076,0.673540085749068,0.47299818913953295,0.5913100605059628,0.661766880950108,0.34216995554270824,0.043338542462825314,0.932423999864866
451,0.5425442371446406,0.26044833555851776,0.18397294990828528,0.646363572964306,0.8360560016449053,0.09186185375934952,0.05172505146823869,0.7457326074351445,0.015337072700259968,0.010617920185964302,2.002530810710629
452,0.7562251898308285,0.9737291257459053,0.6306058253865587,0.9988431093574186,0.1532943693540555,0.8482903803311985,0.07979785894568148,0.8274528774162495,0.1256483435664143,0.9110212016863586,1.144590910319524
453,0.9881009267722497,0.42221129167371674,0.896957533508291,0.5773797838528062,0.06787865367969248,0.5850031945766647,0.3462486394594335,0.33121354583245266,0.9475112477770458,0.11555798717545795,0.5128607113791273
454,0.8598976980981221,0.5609388584562883,0.09405495407122333,0.028926828781371317,0.6975060349565534,0.20660816564194995,0.39266503962954924,0.46392043606107936,0.45799513897102795,0.12235116940952029,-1.7789501524356723
455,0.04855949311305907,0.6563860744541332,0.5538316666125648,0.024274257414808265,0.5169633164891262,0.15043434399899414,0.27559219369778654,0.9566861137484366,0.22312480975706717,0.88230135216469,-0.31984714634394884
456,0.8273203107507496,0.1868968774640738,0.4927280038369113,0.6410360403117528,0.712542133236616,0.4883144839185024,0.07303935235512293,0.9088720243832378,0.5345646708610091,0.5570405828745377,0.3186249176578909
457,0.3261746425370913,0.28445349797125397,0.4418890264346723,0.7475118009178886,0.19965217982933725,0.14519408263914624,0.8293633197475396,0.6442634344683124,0.8951360538870202,0.5742478888362503,-0.024756375235481853
458,0.8483393423221924,0.4052838822352067,0.9180329184463517,0.6505199370352842,0.9237549182216085,0.6979305248883497,0.9923530553314069,0.9919601088127232,0.29937669509059905,0.4807094448992312,1.4567610394399169
459,0.5047970079349898,0.6765303286412108,0.2314221392677982,0.05361156169055803,0.4864579336479171,0.2744566810126816,0.15993473454173357,0.9922366659188359,0.5920962386440591,0.9727010927179435,0.3495152662648511
460,0.12161119078765126,0.5999133815669553,0.20351102854627034,0.6248745555391084,0.9591787713966857,0.07749193545722943,0.14426371080855083,0.7119851372660687,0.37519788716535063,0.5421330688877339,2.5214220769892903
461,0.20302722576191956,0.5433327669442151,0.8662121462226201,0.39906847073983187,0.9930389197822738,0.34063606559275217,0.6682894019578776,0.16536736779394923,0.3402514331690397,0.20248716902152275,-1.0913583986547422
462,0.5660163574239427,0.8984454332054854,0.12598235132301905,0.2973999821672144,0.1805418068383371,0.8382092981396336,0.31383717444885284,0.8588059522593846,0.5677172288662218,0.9790103914814466,-1.641670410732947
463,0.5315786676171403,0.5004056595830021,0.8241399621796317,0.6628137043203272,0.8571406372650822,0.5676151301979089,0.5681352218192817,0.7207681777296016,0.5188311756463748,0.33545060816030237,-3.1513786085593627
464,0.5183837541131555,0.5889144627131471,0.1724631811996784,0.7087786931630259,0.5951526642323239,0.050290531428741625,0.5710957953008309,0.4336023450355986,0.7333430018155291,0.9085586595086316,0.1805952199872421
465,0.2354645123937159,0.9558720497156126,0.7460791004596142,0.36139015391309515,0.7396713342009474,0.7344603569102125,0.4344769701667298,0.22657463653664223,0.1790086587045414,0.8897719364569798,1.340771889794604
466,0.46082364946778087,0.9160142239097351,0.3774312829496427,0.1619737050127994,0.7517525179746272,0.3182015899832522,0.2474053481887305,0.09473861388892679,0.20797259933835788,0.9455754414212972,-0.9408584713315692
467,0.6524731142625171,0.20227024900180346,0.9134883434107498,0.8680854335843333,0.791628840061781,0.5158809467527142,0.7314414715994684,0.24988286011613126,0.17606578306323173,0.7594840617811996,-4.419072860089601
468,0.00725213609775488,0.799321434344172,0.8153745642095217,0.29323588268027223,0.04376917605101427,0.8232874077271682,0.15889034399387236,0.14316712137647913,0.6956751767439691,0.8072695741339851,1.842340618695943
469,0.9816407686805801,0.3794205257018983,0.8186202342850256,0.7002500439683801,0.4844833828639997,0.6097327459038504,0.7021207780689883,0.7601309516040401,0.8972715607743765,0.6713650923694917,1.0557691750354607
470,0.38741417787975796,0.853660364629989,0.022796082820727537,0.5916366699609437,0.8885743250970065,0.213811478267671,0.25508639394309807,0.07175462441891489,0.5758633437391457,0.20750110849167847,-0.18016273270314886
471,0.32578602345038277,0.6912682838214275,0.27413314517657494,0.3340445208355255,0.46347142039880695,0.8172887961190958,0.5017209898909896,0.19786050770427743,0.8329781321213124,0.09321710054076426,-0.8767465210443166
472,0.37245169766133124,0.9413315512053616,0.8718079099226838,0.12992766225819785,0.4237896983202052,0.9307008433090861,0.952727664557448,0.8079490487720495,0.744793519078678,0.49296461259872837,-3.7554702906773803
473,0.9498930020334527,0.45503311626494747,0.9696770853664718,0.6042291766263315,0.8621567122294538,0.5630370962621499,0.6908479969314416,0.8324281303617239,0.4758433983909198,0.8563526885723455,-2.0338078782602302
474,0.5421048474050766,0.22891095015482432,0.6805097135803183,0.5358650624792703,0.33526985956496635,0.5997632154855984,0.6436804963358029,0.9265986067880231,0.2435735804362833,0.8422151070406776,-3.4453055845671594
475,0.902308221744883,0.403272487369551,0.03641198634211906,0.4857513799761656,0.4608586251036064,0.9855434904812376,0.16826620171778883,0.17455095635569307,0.9294064854083127,0.3096001339595298,-1.9264022023205283
476,0.06365976929079886,0.8721213877596853,0.5733798164835008,0.5851517845635232,0.06299038948607405,0.3965138098188997,0.3853974048686366,0.3573956526873605,0.9200897152747385,0.44904829115574774,1.8544405146028122
477,0.8788351943710345,0.6599808731526594,0.9309338064532372,0.4266386829396852,0.3751081104464742,0.23179722665615965,0.940029434715612,0.42803642191950675,0.9793661409439294,0.534138184072724,-0.8199576172273292
478,0.8000770254486917,0.369173860973271,0.9419571148948055,0.2560913279373882,0.9049779057368661,0.5407199976282049,0.47046660580721356,0.9680833186313423,0.11378700836667754,0.3027481207363857,-0.23106225584720474
479,0.8897596591613985,0.24923256209681988,0.44138638460511603,0.8034352013102868,0.7440948930554179,0.7885266153640902,0.21238637915457315,0.024230080383881414,0.45304265153981393,0.8671128436731472,-1.5869647725526679
480,0.7741242543267706,0.017521740187816937,0.025509778872100708,0.20091688836779742,0.14292619677138674,0.45390394419300395,0.8700219307686881,0.9321607038059557,0.7417342212923084,0.7957834929487939,0.7502804557540884
481,0.5851860373256471,0.6848463778641939,0.21434992264957298,0.9349043453993775,0.4166069940496996,0.3595479715981448,0.01865449805489716,0.611561619524186,0.16112060995727362,0.7269388428740365,-0.8165388798844889
482,0.3485304324032765,0.8915734396467357,0.9385079216872154,0.884731832282473,0.6042383832689195,0.4537161756513973,0.5034594513841454,0.27243717374454035,0.5868108091657361,0.9688913344723237,-0.4651011233032114
483,0.8694463683638701,0.8131568431732007,0.05463652618682846,0.18420991100623973,0.13675489547035624,0.8552823863979782,0.6706795592917661,0.4894867736256461,0.6161768114555936,0.17280788773196765,-3.047919557735942
484,0.868891472823816,0.27741582035053736,0.2417563864934803,0.25698275626118905,0.26970647193116704,0.611207331930457,0.058889371001456414,0.04254686928682205,0.9338781922589452,0.83406964090235,-1.1683151571915134
485,0.08259316964000707,0.7688440885500358,0.982612131722199,0.5803295267157473,0.8400115439872142,0.13428965331635345,0.30263085251971433,0.762332502414491,0.9355912000540588,0.6032474817566691,2.906818223160199
486,0.2045149965367412,0.6772287149994828,0.15056956229261975,0.1123353512425237,0.9205556683876787,0.04245282056327526,0.5034969309493106,0.6048321438209682,0.19820275956022337,0.20577909661806149,-2.448323394875353
487,0.4770932345541943,0.57360157260833,0.46437419588776674,0.7862680497677345,0.20859345775958915,0.882005728862688,0.027752634265935994,0.6375626091863028,0.06167983657304821,0.0740100641754452,-3.150393603480134
488,0.35940701952106,0.5223104630048443,0.29448965484656864,0.8579933369011498,0.6391408468901674,0.37217289974408374,0.9278798700000813,0.8238573293443108,0.05492813567551702,0.6328882486031515,0.30712615780063235
489,0.28734865378476604,0.7560347706191854,0.5349703281618995,0.5542691725875288,0.8488011846191214,0.20967877135213175,0.2743618442038408,0.5258744394194543,0.35216453216119037,0.5973190996840485,-2.040438195200821
490,0.4512000940483518,0.49700937387919797,0.2494668823930759,0.9056164797475529,0.6750104178788315,0.6630336946657125,0.5761539785924639,0.1790824985188213,0.4737013588855882,0.060414487345011314,-3.8702431957514265
491,0.9748501977043816,0.9284664037818697,0.10052175652866324,0.8809664949504636,0.9739536917050207,0.2636771852604206,0.4472319774922773,0.6000039834602783,0.23633191932563336,0.24821643302063057,0.4599694446058423
492,0.8138811409819241,0.0005225457643089904,0.005911263927926957,0.8126465605877905,0.0863821411218576,0.8176580252793506,0.7792567536060332,0.25496095529408747,0.4837122333306413,0.9773463056012629,0.5762972957704001
493,0.5692480533158023,0.5612782162976435,0.012855159789515791,0.3024665742131224,0.7213047590441779,0.3329311398387539,0.1423812609769105,0.6566300734405465,0.3562275260611891,0.38726526927703775,1.8455244071239674
494,0.8935808493610349,0.2250535234709068,0.6453680548231022,0.46317482315185343,0.9670474407644435,0.3064881327803999,0.9097181822122166,0.6301319654780276,0.7170770369110148,0.3580962905106124,-2.087194320192795
495,0.2779010050269436,0.2627514759299169,0.5095885736937362,0.4818918543854088,0.9969026506036955,0.17733219382640664,0.00870764817312708,0.8713359091203069,0.3345515511152888,0.8019702744368448,-2.436236485925409
496,0.48166707738985404,0.03472163336853973,0.5893311648003101,0.935294520935935,0.5361173328925121,0.42526336462688474,0.4915408167785169,0.9371492824784603,0.14688440198679253,0.05674032886796743,-1.6656129697119217
497,0.5131497435873498,0.7947436454019642,0.08831073878146778,0.4893548661673919,0.6547608551728727,0.8332989104461542,0.9500634315327053,0.1753252736515144,0.05858687120172901,0.22933091110563353,-0.5591502143660094
498,0.3721806658574367,0.437270162445636,0.9196768314548388,0.5303915580080121,0.3915113436865635,0.05074778365301824,0.786956988557696,0.7288050688904189,0.2451852946158638,0.37363726101622063,2.31525391558524
499,0.9172869899049862,0.8237701983599954,0.952776951917491,0.5882706231649927,0.7223191276307738,0.4641673353739256,0.7372292321127618,0.38924134338372063,0.6037299361943219,0.2339159226430947,2.880257071886913
