,0,1,2,3,4,5,6,7,8,9,10
0,0.4277812417031288,0.34249398475989,0.8294908852575483,0.4705177984358714,0.25071998157876296,0.6846101954162384,0.3046071354659312,0.5354857189256934,0.9104106305096715,0.4084401068101542,-1.3322830166699373
1,0.7732540801453044,0.6667800197069,0.6634238428812249,0.8352051116135891,0.8136966911754732,0.288460504909688,0.21638760869456009,0.019062234684752988,0.47860744039263803,0.9033521194661774,0.776922653034093
2,0.884232595083528,0.3881709157253048,0.5713899885676454,0.15234288482357183,0.4571073817907588,0.2150308818627752,0.01634487403960483,0.6454116901715015,0.8725131817364089,0.694726138648093,-1.086044813665482
3,0.5467247423112785,0.7002316969453991,0.7635068621669362,0.8122358632011515,0.20197685004336263,0.2020334435340171,0.2999580213241875,0.17749589357799533,0.13597198111395958,0.777495306756149,2.7928190754158364
4,0.6086196954430249,0.5821231381639299,0.9910732712646624,0.15756866401930225,0.983954603338437,0.41090268615013625,0.5240936715372505,0.1143071807056305,0.03148560257709054,0.7034256907635322,0.7982674947222688
5,0.3111500617583226,0.36892780282486914,0.30737119990756756,0.9310938389458171,0.48329253682544615,0.46016772056820354,0.921517228529289,0.7722464897501886,0.9553684232400985,0.5817958979378898,0.5710127166040667
6,0.5229000293367325,0.7038347693189329,0.3188176526901857,0.7085212646589153,0.9566665155571764,0.6100869567618116,0.216407678266625,0.14184848828058338,0.498523865600745,0.6536358218072996,-0.04962677207199073
7,0.7157651353043609,0.21156290772623176,0.1898292169329414,0.3562693603040037,0.8710533184318756,0.2010112264806595,0.8776157117360269,0.9528831344392326,0.7001454658295554,0.3371699806198576,-1.8044097124319938
8,0.38456854770534465,0.8916440835236281,0.24537694513413333,0.2671592301291663,0.2730998055106856,0.9189378462918998,0.25977787721189594,0.18826225492689053,0.7678171004441342,0.8345936590906367,1.930957363481991
9,0.7791438789943029,0.7433920424122183,0.8808216134655142,0.9810077154734363,0.26762343216004947,0.33915120466710813,0.633623289923275,0.5749570155865507,0.6362788188339554,0.8298115142880526,1.110683795569634
10,0.8014589502663776,0.3471006539581697,0.21912218334019884,0.7219167529101238,0.9259421436536741,0.528289445038012,0.8465521227719255,0.31457790242076134,0.09683473910351448,0.8374921588499391,-0.057021672441693205
11,0.1808961099195684,0.16838114290827166,0.47685608670794866,0.4239112884032481,0.5446981641860086,0.19370564536121226,0.5592142787241531,0.5058245291849336,0.9369033966139935,0.6673213760846046,-3.4548926650429674
12,0.13474836923925437,0.14202561017045878,0.17611302399104545,0.6332236663163906,0.7706666221462806,0.10358777570335187,0.6832964172053021,0.5202984744290936,0.22448837789631648,0.08125889242820594,-0.11765406483318844
13,0.5315716939572057,0.3434064684802477,0.09419246790737212,0.3289054585978909,0.5806494806314274,0.775650308973814,0.71960204407099,0.9261648245363976,0.032222711849336005,0.47373440798818145,-1.152702899856938
14,0.4512579543888715,0.38790979889229726,0.7632710050634617,0.49579346994231377,0.8805572580948446,0.372425835179658,0.9929360145069875,0.3838834482569454,0.003261503462874127,0.6656712712906865,-0.13166298382300493
15,0.5008931960537537,0.9293616335573036,0.896326572012845,0.18109643900246242,0.6315496244539536,0.4628670818948494,0.6966214103115418,0.44338187732856593,0.47759769029931254,0.5188996284533615,-3.045193370175499
16,0.8753831196461326,0.29601494021858366,0.0841643011520935,0.7348190717833059,0.014323928989829482,0.9374849249969072,0.7026155970875103,0.5033132551194324,0.6434079523146481,0.6469167332037513,0.8044759862107682
17,0.7458941913004937,0.9338889825621374,0.23330791344106871,0.4033747629978103,0.15245540266106372,0.6211064577376041,0.10834258077329972,0.3574125979890306,0.37716396810204345,0.7818585647361884,-2.530604067915598
18,0.9701838167903594,0.9832698230470874,0.5843617802975951,0.2104252147328205,0.16756636362293298,0.34860573129501016,0.9197311017646008,0.15729678828340954,0.9446751319214821,0.6947110228384946,1.2078605673298706
19,0.7135779410723374,0.9816800637230009,0.8493846209531308,0.04789741676393999,0.8278238356082716,0.7916484626490089,0.6329654239314116,0.3463947565183041,0.32914640509107884,0.14633968092406668,-0.6691191889044671
20,0.8835600767124165,0.5134039343324659,0.5384506759374388,0.30401314143364344,0.5161208293150856,0.8768656360727404,0.30632856504020123,0.28523852172534536,0.10682892504630837,0.5561464922417436,-4.280609765818095
21,0.9871673592884892,0.3575496564282119,0.9460012109012591,0.6040052687632749,0.5636111496770815,0.5493457038237756,0.6250411443679664,0.284819079850236,0.5228198499452613,0.31545790791763406,-4.21976170572846
22,0.08292810045760468,0.6918368710499289,0.6802106477029816,0.097664310234022,0.047219714503712984,0.4897123247532684,0.6858235859549008,0.7451844327709757,0.5207102341292241,0.22901423931449694,1.0612886055886472
23,0.5843734358717643,0.5071432953163938,0.4108737399241923,0.5832271046847632,0.3261723195706149,0.13878529294824304,0.5767721409142318,0.15325078701605588,0.8323433828949985,0.23864797354730127,-2.327385845792602
24,0.8932870516578543,0.9014238417770697,0.18407881991191155,0.4114856657657816,0.5237340317038506,0.07187092927063954,0.7223134419293538,0.08018748044138357,0.5943952486792994,0.2750818308609714,-2.000971782465395
25,0.01244426722054437,0.37087877645604517,0.10097792641444392,0.6323526622366188,0.35164968454089507,0.8101751180449631,0.8641327845747699,0.2289071357468615,0.35557359679713163,0.08156298750544322,0.16238312472051886
26,0.6005178466181931,0.8994077856799825,0.9002639978235013,0.04265502528039111,0.24015969710515328,0.27050635985491933,0.7204635704040271,0.9561738239564874,0.5532690981536861,0.2429421979385573,1.4761891194322394
27,0.811881056881551,0.2771488035913978,0.5572124642044227,0.7629320209439258,0.22656681636036546,0.9894852319226618,0.7059126752224374,0.6466208462320447,0.9925481871464197,0.07407177565048706,1.1303777092671388
28,0.6144791440147485,0.40056521160207326,0.8901066872329181,0.4557714513815596,0.27149528868254436,0.30978110341405396,0.16224161219736877,0.20045954859981008,0.42492638501352376,0.9749068318364629,-2.3069674598327863
29,0.5609804948708251,0.9761705028098038,0.10260361018060649,0.3981130908348881,0.32968697085440224,0.47657149958828926,0.37029158635189485,0.35629109320754637,0.04016798269839461,0.9992694082930649,-2.2731287164496408
30,0.6208214163584169,0.002574822977116864,0.5010542246504135,0.918178141945463,0.7287416023774491,0.5159011169705655,0.2568040970158878,0.539420893138747,0.7406914000394417,0.4170349623715488,-3.360737580460315
31,0.8471307525252617,0.6627138275753275,0.11487206034742314,0.0869226217702257,0.5392081899283977,0.5749518669653344,0.9803539131515343,0.9653003058358708,0.15255969508134082,0.5959188644682815,0.5516804933958049
32,0.1876073387850249,0.3903742225949639,0.9039248485097879,0.07813523770475705,0.23042445955340662,0.4082615803596712,0.2582964085718913,0.6329434673653671,0.5652682702447585,0.19253951316916684,-0.14096910437578308
33,0.5234524351617647,0.18021473944380562,0.08843975287458394,0.5587719938443816,0.04286834200876144,0.3400519699457779,0.9554411701543088,0.34813562929250297,0.3953103362204261,0.02403925095288595,-1.1380983359070225
34,0.3909169750130074,0.30679910698528545,0.7941887996112693,0.814753940718867,0.21424122244505162,0.19519394710994886,0.12551829321802688,0.37313284491444365,0.9383985102788449,0.5013135646074317,1.1727987017458505
35,0.08786552041718021,0.38326875945212546,0.2825746751394944,0.15329509656336437,0.9554077942096,0.8608514193965925,0.28828695917013947,0.42261725530992666,0.5908649963605624,0.8069946726716432,-0.9449937041467794
36,0.2174851294062916,0.6211663521555346,0.07459353757403664,0.34133957009676785,0.18496762608807393,0.07284393028808833,0.1612081453192512,0.0949075641113214,0.7297232846483673,0.2996824496268794,2.147024795068799
37,0.09866042712680712,0.24136233015884812,0.11929818337771936,0.6177510204369709,0.6902880709654977,0.5488944388480358,0.906886609669157,0.15862792452794316,0.1871387028929078,0.3209261559230068,-1.4616956348051167
38,0.522447188354735,0.6222104173454835,0.6066174574538717,0.9607371828389301,0.2813357417924035,0.5579993377111863,0.5001483461305684,0.11022208315362536,0.9831902463507476,0.9121394288386849,1.6432471797823176
39,0.01993548465662698,0.8579765650402257,0.9252082193180409,0.02150265402571394,0.9723751393498058,0.8491816399942471,0.04827499580330974,0.33748465836591146,0.5216138969869801,0.8875443842900241,4.378573062252475
40,0.4893964071791357,0.4636915723137962,0.7650410213625081,0.44428055841860814,0.37890875556535575,0.5602836144074799,0.0921726521776397,0.13301068886779222,0.7538475506125261,0.5138817964773993,-1.3220560883170027
41,0.7277977993200574,0.4864466185378331,0.8857081054417105,0.3027005225708258,0.5465184537605545,0.387733407540807,0.1856407450851626,0.5092020170595465,0.9737721250425782,0.6908214280726251,-2.985217611221765
42,0.8205090310601734,0.7763978550883958,0.6787616574537908,0.3055544927515663,0.7285516649463669,0.9054541990942877,0.5708362711950115,0.8773876085733202,0.1981447478594086,0.20362707891470688,-0.2889536172016579
43,0.24602388621495674,0.3907927120668847,0.21678737097813083,0.2900179213373135,0.4274842697901515,0.5798603099422218,0.8531110059883567,0.31002123313915164,0.7204203728146994,0.2882242744641047,-2.645401941520293
44,0.3698789944042885,0.18681314218659972,0.4333832159189138,0.9047775807023105,0.16965791093003746,0.8915919785008063,0.8627300413802799,0.05707854710344562,0.28964181720473237,0.08297252347829875,2.9908968167120977
45,0.1540019046307347,0.464619957227452,0.30545494358314296,0.8594998057533404,0.1863969487896906,0.5313367822233611,0.005777830779993609,0.0027089458467525196,0.9757583641993961,0.79711153100028,3.9315844019077693
46,0.9883189179671379,0.1352040147205732,0.6338688847937517,0.8247847447885024,0.4585495665971353,0.3377181934204786,0.6425147503451477,0.1193710730094606,0.5281467309560021,0.36541721647060377,-3.0856480373643276
47,0.8711122735904762,0.5311694096348002,0.5543947815177556,0.7495608211948384,0.40139816778683624,0.4689558076417272,0.06334975837657408,0.12668436771550262,0.7325904864283268,0.9290523999321403,0.22227816708616316
48,0.3445820084283293,0.6522062227921042,0.85300107284405,0.6032273673743604,0.42209929729209894,0.9926931166883292,0.0641645316936148,0.09136721256772617,0.7647786756092534,0.6555998074260527,4.2307704761311875
49,0.1667596725965098,0.9645831305663255,0.8131723274684807,0.4218541059202071,0.046462371623177345,0.6547346350125727,0.3993795695299214,0.034726943460061,0.5675895899845147,0.1836667857226677,1.1623328493584133
50,0.9034166414514694,0.45839642957515103,0.9523277898725203,0.5952472540050895,0.912293042771944,0.010137293714114426,0.997657124417377,0.7212782502827896,0.8756777824246211,0.20678952135689532,3.8424547422315523
51,0.5615478527380761,0.23654428884900347,0.5689375442602685,0.8143629927227884,0.7255632802815485,0.4344549208740123,0.6748792923789766,0.6953558788103135,0.6485003825201964,0.8181825753029829,-1.3246510335576007
52,0.6178625302867189,0.9058705227792023,0.8385239589493317,0.21548695111035798,0.7688077188604701,0.1116033017343453,0.13583165187865154,0.06868419562262484,0.40138559180558875,0.4466706167212502,-0.6647711795370583
53,0.31038438736159046,0.13765923769143817,0.7100560345710049,0.8896829072187564,0.38664754777428434,0.20189204519999115,0.6771215202882063,0.5471260819603906,0.6719296086310231,0.11950140658908881,0.3923643790877699
54,0.0025068295444174993,0.37384762678924477,0.5334955697900556,0.02160476660306776,0.7561789502869815,0.4911069714747899,0.18020856774467875,0.20847826631964228,0.2411462168500993,0.6616182055684172,-2.5579208781203526
55,0.5843725470543971,0.28399318843326327,0.5500279995841739,0.8891591382390689,0.729420397613329,0.34398361416856826,0.8022726878794599,0.16369147575579246,0.6485767301930343,0.5209860513293242,-2.748568620414564
56,0.5867683815499286,0.23947929528763057,0.32099168507129316,0.31264432675985965,0.6922821494133842,0.006093206548868579,0.9717041791232374,0.7419493197960568,0.0916019640729504,0.603290727572872,-1.793740791818364
57,0.9497623747155566,0.49489617144741127,0.6959116174303932,0.7859700444125034,0.7004270342628361,0.8513801479823119,0.8591151290209963,0.31417853002398655,0.9299638504186155,0.32003923397810163,1.5440270833509178
58,0.3772839447809989,0.13432318622686268,0.7673066668966965,0.3155262043680417,0.5573129502099486,0.48193845805076485,0.7018289303656016,0.7833759855459864,0.8953989792364744,0.9937171503233092,0.5472114615448336
59,0.9312503152228364,0.7359076836828199,0.6365220672445402,0.21198852119148015,0.06970955174337545,0.6902858726305277,0.8814761466347147,0.4470519827317495,0.10838697006600384,0.15259396653071533,1.8764900696318372
60,0.5374472122114597,0.6790567920196788,0.43622090330401897,0.013713189949244642,0.4250315158401753,0.6117810351173383,0.5965298088638205,0.977623746857185,0.8087815467649336,0.1510810040224828,0.2893325875715943
61,0.872358191877493,0.48290948474870043,0.5446845435779558,0.8254356356009236,0.8173961061864882,0.2180384922055324,0.8039802184279932,0.4543416675836909,0.5856616189146243,0.23550103726012972,-2.001195882506959
62,0.7998148942462722,0.8568718720782733,0.02048903322444029,0.9519346113082067,0.21922103947265847,0.01523895380422291,0.955108184359383,0.3861166516402186,0.19601961250766842,0.8425421348822165,3.627575027697673
63,0.5237160190643294,0.6812579549700326,0.679192656458839,0.8158222829601647,0.677953598873538,0.12200572277808652,0.06142616835641601,0.9508773623523938,0.22955658860244954,0.8901951650037933,3.6564225042258998
64,0.8331244840486676,0.5482887891320161,0.5876551654343213,0.12477374972636146,0.6767128618210115,0.6394852325762445,0.5206801544191763,0.5170456747984852,0.18372221757469787,0.9084444842126325,-2.634049208496688
65,0.5678368092125237,0.381228647426439,0.5022724200469836,0.32050673740864866,0.964430088781036,0.2791033898458174,0.982192353757744,0.9616965613902555,0.6065791876530646,0.7452360181036527,-0.6010268815787845
66,0.7969169573120024,0.126064916186855,0.0014220181108359764,0.3663741237571805,0.8490442583345535,0.4310676716705931,0.08224149888062582,0.5124516607100722,0.9530672535709742,0.601999129865942,-1.7660834812879151
67,0.9060097782257776,0.3730606801424532,0.22636958515798777,0.1868167277281524,0.6185810376675054,0.6701086839991277,0.25795621314452355,0.1602970205163481,0.2636779423985026,0.6583942210058401,-4.682100085150034
68,0.3561552111137366,0.08427379674347801,0.3505970641016768,0.09220131815149302,0.05801291316747581,0.5378381994325006,0.7884465987840749,0.3947197565813708,0.1632081270639555,0.23257973220196126,-0.9902698074445004
69,0.03384685542862054,0.7837811083186658,0.3419666187480761,0.6611025667447229,0.5472954034469729,0.8170414067858481,0.0038593797379736783,0.9509389761072834,0.12006008921066447,0.6421783331099413,2.3166853810344596
70,0.9590665597788449,0.5888449749136105,0.07701182227449554,0.7869808003251867,0.5169743296071769,0.5900591856713223,0.9547920811446218,0.9406526197077365,0.6849071326486006,0.5187027268600081,1.3583579308999183
71,0.8394466792429123,0.34679192467884434,0.7311075159978497,0.21598320895953582,0.9550552765283202,0.1060374911952251,0.5408996097827694,0.6909414331897503,0.7479719213315049,0.6031116989724589,-1.0871322104313288
72,0.016669325339626173,0.2619080497776026,0.20401315148538035,0.6138776045047328,0.6128211230271272,0.24080494028975385,0.9040455190420154,0.5741184832328952,0.5022835822388659,0.1233867705799826,-2.446193812863869
73,0.09214000615903983,0.46924831079332585,0.8561860181573893,0.5644970825995129,0.18043291884529133,0.29842814975347787,0.11764348762501309,0.8614863741299257,0.4866677264792403,0.2982505123463518,0.5344084026591782
74,0.2727104300988963,0.7772902319229502,0.7093909506563362,0.20117490193585874,0.7083801606103036,0.18623024317552495,0.8990565359397829,0.42822426648960843,0.9071592331332698,0.9146906857579318,2.819160826311494
75,0.09552319672272391,0.8975730222160958,0.5925292245750481,0.4615076075267902,0.7295182696220637,0.9734836841173836,0.17544709738937647,0.32147708281907195,0.1652675027942363,0.2286744732483441,-0.6452223349593068
76,0.0077387517193414634,0.026209063760485707,0.9333342775075442,0.7257917586325883,0.8073299495062236,0.4941682582860907,0.3788177321148345,0.27325831654184773,0.09152582610832527,0.03960895798051056,0.5049164501201475
77,0.6444552799096157,0.13714454434783585,0.7537250103384494,0.6608156228785135,0.1029239286760717,0.2781293328456417,0.5664037858776043,0.5914874856438571,0.824674733787856,0.4391505111021319,-1.4290930304770517
78,0.2889295493727996,0.6725843233570054,0.5358811593789654,0.5631365767840951,0.19917719189715422,0.9808789850608773,0.6539095552476152,0.34768869129213065,0.187584847776336,0.7291222089557963,1.5559641108711801
79,0.3942326257410643,0.3931668937173235,0.3407379694208006,0.8893885821347036,0.574690253106473,0.2869146347066778,0.5008836256263864,0.9098700160315463,0.38098719590494357,0.2250730541621062,-3.062544814702606
80,0.7593616118596292,0.13064080921573673,0.8554289119010796,0.8291477666362758,0.3753585150586565,0.3966180074997707,0.5242024832016416,0.6081653343367706,0.8322125356986514,0.4258015325170278,-2.270823724986978
81,0.09829971843795837,0.11961735869148993,0.5608916266350447,0.15185139132425163,0.8247609121506381,0.9686443250826006,0.9204591569139355,0.7285992290440455,0.47382395278401923,0.13091092372380542,1.0644605307327382
82,0.659649790356096,0.07158715848609454,0.4252329569404941,0.9036942925312167,0.6262485733824367,0.7788296408446063,0.7069799311638095,0.307580090768953,0.4786836314754438,0.06931060935912858,-2.829371566460012
83,0.5398043147034605,0.4341752294231894,0.7696160462934529,0.768313306324929,0.7887273751092917,0.6779916394995825,0.5700458110985108,0.6471545305665892,0.04289002993807989,0.6594058841746633,0.4210259188605058
84,0.15498226314916574,0.447010469752519,0.6307962685964081,0.9863059624671846,0.6611724092870914,0.042096463357565894,0.3826129225528253,0.8836447622494946,0.24722880838744066,0.9983515580076506,1.6408053873801869
85,0.9740936770805203,0.25352115835802835,0.08430902244123606,0.025108849186054383,0.5401152356537872,0.0136229152268037,0.6435357005454495,0.8957793480432149,0.216527404309653,0.008894970649980904,1.0416234852293718
86,0.3952387370972664,0.7586760116358169,0.6912557425909793,0.958387063940449,0.04852881632477768,0.2536368447086761,0.7053270126904859,0.6402998518276383,0.5704152648751897,0.1499672086252276,2.878275888977203
87,0.4528679269066306,0.14672668479194406,0.0252310009857466,0.10107175925853495,0.6641422334180987,0.3989042456505816,0.9730559924391315,0.78330905395321,0.7577620591123138,0.7910894362739188,1.4485318903395625
88,0.8004909396411432,0.91246922950211,0.7185590529269313,0.861295277439118,0.07523541300498138,0.3829931232613788,0.019889468166290003,0.5934673244615257,0.16774692683599268,0.5754334753689122,0.9681696718882835
89,0.5404122046689852,0.69000877322751,0.09864786626543443,0.8883726274422513,0.5218711098365417,0.24959980124963654,0.6881518122836285,0.35294632653364233,0.2739541159692622,0.08728353416605994,-0.9922722932952807
90,0.4331797932977862,0.9975651427068085,0.2639407051263697,0.242050500511228,0.29873097416883343,0.7009850468167195,0.9179208117425112,0.16513879079044247,0.7761599616828292,0.12744681228593768,1.346930265204716
91,0.5346214148502426,0.04593292007220473,0.9988075727237962,0.9257221859179203,0.8435432067488406,0.5987389979520831,0.05989686823446694,0.6488613581708512,0.6350021711583523,0.524419869564743,0.7363188073776692
92,0.3268019657450212,0.7401859626217712,0.5212820953436668,0.4316432828910459,0.5343948918557897,0.5192130022338337,0.5741292171144856,0.9046191577028408,0.8569428214588418,0.014636761607882853,0.36123005063570046
93,0.9629800820453825,0.8695656765635504,0.20553597352048913,0.6890777576073559,0.08150514558592603,0.8533642047263218,0.6363119015865416,0.05219871454556957,0.9550504460085082,0.9754530006114215,4.972230273214232
94,0.514486435254743,0.9679660726126824,0.06072313297531673,0.8342955229268544,0.1317222697849667,0.3512010844702157,0.38363746242969454,0.1893940364816833,0.9399144482523011,0.28622944054853483,0.4161332936143105
95,0.15382911499594187,0.19669920791556772,0.42723292145392844,0.3645788333649008,0.6599465469042121,0.5582505769056743,0.5433248611575077,0.8367779824025264,0.7902259578271723,0.7365935408679536,-2.2250135479051516
96,0.6594339337050157,0.46758443049890475,0.20002373406950213,0.7758072425524769,0.18881510621092668,0.831280656954255,0.8219029616179798,0.21052462248688564,0.24597321142260442,0.6684308181610855,1.0327964230600442
97,0.7768969241402415,0.40912107416001375,0.11093249070939637,0.3999314901511133,0.6338322953241735,0.628592845302864,0.18995392453509885,0.11736864106417366,0.39406687142895924,0.8189869383350279,-3.6537884763494906
98,0.5992167823709162,0.26070614607844944,0.7367469474001788,0.608287652527585,0.595620790692703,0.9234988058324497,0.6337404432332671,0.24794316210761147,0.580893175813159,0.8960628275900402,-1.796017444712894
99,0.29642051767454236,0.5200981549939977,0.5547263082645169,0.057796656117864775,0.4319217133838843,0.7836092983417912,0.8687530739682141,0.4599992332074928,0.03227922524813154,0.9705465711070614,2.441082741642394
100,0.8405272088667058,0.8106507968151825,0.8177492546240839,0.9726914419160136,0.6625775970902944,0.18713872639464835,0.5130147057737376,0.9764640236594888,0.235390226252168,0.1938443753977206,0.5685892330832663
101,0.8001291059013181,0.5961719518831811,0.8526313321011276,0.9469568728568348,0.6754579706109057,0.7325617345933804,0.5543716118641584,0.042637163656158106,0.33798508404022576,0.0008876321762140149,1.1381092131690578
102,0.9477687410240615,0.4708027716219412,0.9723258004703996,0.7885006310819801,0.1169979633806092,0.8016531622782866,0.36968854023021136,0.3711808831222655,0.9486603220471561,0.022010572481150348,2.5496705611009585
103,0.9431333651504837,0.3745373573922419,0.33207966480651885,0.6973114109580135,0.6758094705635717,0.9002690533953922,0.2897819767929116,0.11785225376211683,0.5367100284209054,0.7541511760292723,-1.7072867101832858
104,0.6413778687064331,0.6656231967900732,0.44256652898190063,0.587746141771501,0.7261692346846873,0.6630628072259714,0.22877143519266352,0.0862487520868086,0.8021665842783869,0.2937023202402431,-1.67091476054547
105,0.8868641422793393,0.8232719115157822,0.7315120385676278,0.9930838800358063,0.06815970981137276,0.5321005909088377,0.2970944403531488,0.2562912896863585,0.22571815457190614,0.5639728388230086,-0.41693871375848146
106,0.3918478467099672,0.43149465735681214,0.06498314498828583,0.6819688202337996,0.3463769483082537,0.9360998125153787,0.36653979750665233,0.9255054373918117,0.6990299282603568,0.29901616525208297,0.9664514775009373
107,0.8282228251338907,0.3027618158120683,0.9533936220987393,0.5103825643318015,0.6954691113593661,0.30721572430728483,0.0010576216496135382,0.5692764706044271,0.33018355143884015,0.926984667146995,-2.3261945809705113
108,0.288538191188881,0.8548832053716354,0.4579998108153993,0.051676534715943356,0.18351125701822968,0.5410446709650485,0.21955073164241445,0.10764230947065245,0.6191619808703835,0.22735590624379665,0.2806133692935622
109,0.24565024760591436,0.7577540232970804,0.6284683530811288,0.826989113425586,0.157027151112885,0.3553846056585148,0.5813589785267518,0.9651605883688985,0.5779125892119711,0.4741955376503747,1.509863441723393
110,0.15885938117639664,0.9164346051148403,0.10334424084191018,0.5393922388758651,0.39574786495876824,0.12414640659687903,0.08286983790807301,0.8844239683243658,0.40520736144739367,0.0012437350355090082,2.6717879506871025
111,0.6964817409692521,0.30265554870923594,0.4538933978469719,0.0783584613401358,0.9913254453052176,0.6014039430425975,0.24416518612271165,0.9020594998273672,0.7792407080892807,0.12567988771901273,-0.5596602045803678
112,0.6354109235899884,0.5915943498008294,0.929002469082887,0.27564658213553883,0.48297830810117404,0.9603594903669086,0.9775666225378321,0.5468404964414355,0.9688816148077817,0.6397764661527435,1.1610741717759083
113,0.8663605556723945,0.8923419141942597,0.667240267025768,0.254902250577975,0.163888470456362,0.025210049609649787,0.38445819883085397,0.5291417198727927,0.6905895590257435,0.03909303723645208,-0.014695050039117974
114,0.646862903116001,0.3200464407635307,0.5057821570353919,0.8582665128091433,0.44444469056633507,0.6610624151239302,0.862417884708863,0.05271812882440585,0.07814620360487579,0.8552405129977341,0.7721632865527295
115,0.867695245115225,0.7396396052287341,0.1797609687148376,0.7959883336418698,0.014222734183890307,0.2948780471888022,0.6830603337538489,0.6621934492030813,0.6860362339763673,0.0782464199746501,1.8094500575260064
116,0.5029943302569932,0.27123179599493175,0.6870025541904593,0.7057088316276228,0.4207215525271384,0.7422095977702309,0.4605417379052421,0.30248075479237757,0.6730318280771802,0.4004717259828927,-3.702208501668129
117,0.6460548116830139,0.7230888997118606,0.18727688678174026,0.6174075924581974,0.4584049365686922,0.11009111399755189,0.3025577772339596,0.33082690490404687,0.9446375718966211,0.4266481286547441,-2.2259141042992976
118,0.45698914282312275,0.5212420790090403,0.04845269566922772,0.908966191558935,0.40801015415272646,0.6796952559626173,0.8631246932815725,0.21131311783318252,0.696777005849114,0.5928314853130691,1.5237677840721158
119,0.38245601546569774,0.4776711818205157,0.4876692765088514,0.5214581423504746,0.5527974890052543,0.8638980937732815,0.33026846093621065,0.9643308939588595,0.8364413393076778,0.7064227852741661,-0.09701806621033496
120,0.5630320042481496,0.6163691823472043,0.9862005230664868,0.17104164417461432,0.015323756451074422,0.19102139105697213,0.32582121002502096,0.5673372057483438,0.23175386447633228,0.17050224359386257,0.012971835701257206
121,0.2584384625707363,0.22176909599282568,0.3217815327333299,0.4532916037923088,0.17202570307564857,0.9596352856605819,0.9733524642889504,0.9142278527613528,0.22999405919083749,0.006041251218344423,2.4478437409015594
122,0.6495821715512318,0.08203440324199118,0.6380252617005464,0.5727321124431919,0.0024413628064852144,0.3519159446225114,0.6225361470873938,0.5872802239942284,0.9514919052291747,0.8314058437663843,-0.6325285941806107
123,0.9788089988769877,0.9360234326747258,0.46971174625808676,0.5628970595269622,0.7708649377881232,0.9692986801267014,0.29944131607360014,0.3056000437428815,0.867896964300424,0.7955239429821127,0.2337372599403193
124,0.6125106001889855,0.8571765066360796,0.7731556202784605,0.6753377632589056,0.6952412187846198,0.28084669060794043,0.1255993073692705,0.4702870279930046,0.827099768619333,0.7919372106388292,0.6760218930115416
125,0.07319236290104125,0.5922044066662501,0.0879160291174621,0.5755857861526024,0.5360056606804393,0.4965541286339147,0.1958971783478095,0.8494324813002279,0.5737069511565694,0.32523415190039817,-1.1285663633092318
126,0.21626667858291726,0.9678666426647649,0.42955064042382485,0.6552067621466635,0.5297822461101656,0.5475910433175862,0.890878108934005,0.22831669576229363,0.499869083816196,0.7740426845176072,-0.8404979938680699
127,0.020453331022435073,0.1466910608095151,0.9859520740345017,0.3007759732025558,0.17226991616714982,0.2206736884341084,0.06564531419960473,0.9260023742406188,0.70268151437811,0.9020381439482614,2.919396379562701
128,0.4811922379185022,0.6522558862416654,0.4389605357921923,0.9718661786482014,0.6910934870040658,0.9558350197485878,0.7651541080123863,0.25024955363671253,0.549858226175282,0.25701287884699175,-0.6108161615029711
129,0.3795185206562697,0.3651540943000591,0.9845962823498714,0.9951650719987285,0.24770340510360633,0.2841037805510467,0.20176820384703298,0.15404305432204912,0.002949991669446761,0.8663680658770897,2.9977340892887168
130,0.7907355570646776,0.34561018788630105,0.2544366465686324,0.8508466182823827,0.10664412313177651,0.6137504063088767,0.7806118455790607,0.03645007275377654,0.39074606194953443,0.7447123725434726,-0.1601543114871779
131,0.6734855848502622,0.36302284383693406,0.6334216985700942,0.918216726334746,0.7437153570959494,0.7334163595696127,0.37175272679156735,0.6675716765662323,0.37367092929474033,0.9246130765418621,-1.5684801250373652
132,0.5787885881186232,0.8789456864933555,0.5327591213633791,0.8966619532989193,0.2227097369339256,0.30624671748721066,0.6501722653966419,0.5411435625547937,0.8379353547602862,0.8206817019289228,0.9775057234313779
133,0.3589021779523919,0.9544416508087276,0.24773366750331094,0.41509702680236116,0.7789162621897935,0.14016786098559486,0.22699607107753283,0.33725698880246857,0.8956091290443673,0.8034438988629047,-0.11020438833161106
134,0.2113285482207926,0.14424335158828017,0.5048899697906567,0.7064045351657147,0.5955248432110992,0.6930137634631327,0.09910727118625473,0.15535358240766983,0.9896922284918157,0.7368807963634814,1.2115068251220495
135,0.659305043800117,0.7805552382991477,0.6818016393143086,0.5295922257925647,0.9767838938972203,0.019399602135154126,0.19973268065320537,0.13623147584014716,0.46891038592701084,0.7351904762903719,1.2417193202806716
136,0.870111659811651,0.4098018697305349,0.479125733318989,0.7729716919990369,0.7921615709245281,0.23194860933367878,0.5905253664420054,0.7284027647629865,0.663250537307908,0.9467785283043215,-0.753954039954005
137,0.19230620912182939,0.38565213514326635,0.43229802325633027,0.49758675123202356,0.363370957823972,0.4979988790462584,0.7853100258908933,0.5734009293700049,0.9946571660002008,0.16550604263847712,-1.9601407812356766
138,0.8745408228585786,0.9384019170018274,0.9505402998770445,0.7628677131714351,0.2753605932193205,0.07388838825557587,0.5740013923729196,0.1782129214701621,0.8969632276990744,0.5013311814047791,1.8163477145983689
139,0.03199958988034657,0.701352298691243,0.6031509864503914,0.47179543758956066,0.6344892833976901,0.0343995021552268,0.03276522030811546,0.8257336334765576,0.4571913204359208,0.301723825886934,-0.31208897653795603
140,0.08424597836235947,0.855655698265178,0.5031144723283884,0.5684059778898497,0.8110066296602966,0.3692706598640053,0.7544975337878005,0.11646627227044537,0.6752925205688101,0.7612942180531724,0.9259440751283807
141,0.7308274283802716,0.20245187407395093,0.8808732201334452,0.4578410964521634,0.650505071604151,0.7693790259640895,0.5257856520357659,0.3253025302381335,0.6865585251317553,0.11355209472217287,-3.1373632943682637
142,0.5231444085593444,0.646632139899635,0.04290516285481316,0.5531636134264108,0.040483515630944655,0.8130472529854847,0.9077648635036207,0.1405974706695542,0.9108957642480755,0.26378321818176953,4.174351395230546
143,0.2137046425032485,0.10104966934907977,0.64773154661924,0.676184665749719,0.2763321857295927,0.8769826189922826,0.9106301759702647,0.6997465162757444,0.3234719064512628,0.4313411200643059,1.5377699189244398
144,0.6931878292741611,0.6379380069446079,0.8802633119859815,0.5928887599937092,0.9072907559817798,0.8749202544177274,0.2683335341883476,0.6633182923492309,0.36987915233413426,0.7658307689769882,1.0746667962651646
145,0.614837452405105,0.9330903845580382,0.27839541479429664,0.9769045732331324,0.9513007431363877,0.18932215855669376,0.7199636071866969,0.9277253155317089,0.17307491245206497,0.3011928564198373,0.9204363462517718
146,0.9014854419723389,0.5591171341107658,0.8036198989358901,0.5792423826257179,0.9042731820510012,0.8636603761347186,0.9979218267252713,0.7909984283541683,0.0745182075596148,0.5683094436188688,4.058740098104202
147,0.8750574697359037,0.9784678183295341,0.6030934362358098,0.32888181469427014,0.16409057199252297,0.2621601075298732,0.9059418284718621,0.4051718745165068,0.34222239153972456,0.8507610605212175,-1.318356696091036
148,0.34986518495821617,0.5061820651123982,0.9695582787195356,0.7408480013500776,0.6486490452946011,0.8400140422356023,0.8391666153794324,0.42746425780715125,0.3519282360111865,0.3556605439291386,0.057633126112362265
149,0.013842544418131819,0.6226381618590384,0.5806371273008357,0.6503985832852824,0.4268887586945368,0.7706778752660542,0.7755588020040336,0.6320045904479651,0.7299851624135036,0.34131081529867136,0.7040315998163478
150,0.9435267127052538,0.18101128652228038,0.10005504001428922,0.560927215913058,0.3586992683510891,0.5952821293547297,0.03692899303110808,0.23748190994719764,0.23958963010108514,0.7577600908945312,-1.391526242391945
151,0.2147990947338081,0.3221160969219059,0.8647764417741701,0.10049949975009465,0.7190158687516033,0.7321688841969328,0.7030472499475138,0.9750718620920822,0.5038249887364912,0.01529781545352904,1.9823892030399928
152,0.9250313753949078,0.6568168632298862,0.5532025445249952,0.07938706343061808,0.5794790529445573,0.004531437557862117,0.49594759445050085,0.7832722293473287,0.007271433306816011,0.12020317456977425,0.8074894159389417
153,0.5314091692466023,0.43776820673675565,0.9253418917718871,0.5953193333682146,0.08754529264253297,0.0017173439442360605,0.24452381196249617,0.9525005206932547,0.7175334316872017,0.6295109017443631,2.7971831569900085
154,0.48640869648142904,0.09245130221696696,0.8555587951238942,0.5086301369649073,0.4469938347523382,0.6933080749687219,0.4069182811619806,0.014317279582849674,0.7317017177325595,0.40125060823065195,-1.764813552193616
155,0.3491217158892328,0.053358733089543975,0.8333070523087834,0.7904329804097893,0.9656848896175095,0.5470562725234102,0.6604453294278883,0.3299466093733824,0.3457595232238331,0.6381874570835926,0.3200950128640358
156,0.6957780030874945,0.23741799564445487,0.6735264579127548,0.24840436623927198,0.364178091081653,0.08520377142225866,0.726759831932627,0.809081102007101,0.6701861465150616,0.39447860763255993,-2.02334502501774
157,0.8681547696020729,0.5627612309762636,0.14427397327767044,0.10418326103788078,0.03734830607364681,0.5473696065364727,0.4294177462203671,0.22932845127948986,0.09446574964687227,0.9584508666457252,-0.1568778553584224
158,0.016543049124044695,0.6912891706785386,0.10689729727838748,0.9298955300500712,0.4681272894796348,0.37037478403085944,0.516619612332497,0.12012576472129222,0.1832947075131215,0.4529285864845025,-1.2761671327548645
159,0.8736237883756715,0.26684476754522424,0.517780489002605,0.6679399400516909,0.5023010965530863,0.21813873320367327,0.7586613093288179,0.224428135869981,0.5403893775765132,0.15109498489730466,-4.241871061316804
160,0.8782468830468823,0.9523887573043062,0.41249221079807874,0.08933104370473877,0.22108421909585185,0.8796275876252481,0.05164308074381352,0.8058754186504432,0.6407096750539563,0.6264941548806456,1.762082840035046
161,0.8667003239532592,0.14790357442040303,0.2054981453124829,0.9956745179009179,0.6610984226978022,0.1172822138906009,0.22763786983414347,0.8957904752016149,0.38480899490573417,0.9550348213973521,-0.7634449593553638
162,0.7400681734411978,0.33265688865771514,0.4910851434102287,0.6498116278045332,0.9802474591227771,0.0885607935845083,0.19665323493984954,0.32377409663196766,0.35984367109139104,0.6248161046480019,-3.310112223754849
163,0.7625485280812142,0.1070119730041793,0.34716350382114836,0.17068721700919287,0.6029574025557405,0.7307615935624097,0.5770953367986646,0.5755712404877739,0.8523725398647536,0.4202734680065531,-4.241704101707993
164,0.043552642299413136,0.20032001497343999,0.37671907442658314,0.8800280109745905,0.19473988279747756,0.20677828150551647,0.3680497032079387,0.4906398246260213,0.5006138979117143,0.015783991263981778,-1.951588841408854
165,0.9536592862319819,0.8047339914783278,0.5822149847947568,0.8785902581864236,0.8826745877640205,0.5482668934013081,0.15744469193790944,0.8268289949923803,0.9264871604695674,0.9249447456971279,4.3728112718166186
166,0.7962464294605754,0.36148547671340003,0.11416301336707535,0.2651310497204046,0.3644436321491694,0.27821469699950674,0.5804111341779549,0.5146528169680334,0.775782203454232,0.389308094513514,-4.876443456774904
167,0.20466470101156276,0.6937258293933571,0.17577672103299358,0.5579691120500305,0.04559993607528168,0.7429055979754117,0.1531516310793375,0.7224097911343523,0.3414006638064936,0.7209481270161766,2.812036556088245
168,0.5980033667840984,0.6852050610576513,0.40833359483977016,0.2230369097480953,0.6681124055663419,0.4470376267952253,0.11143292672195781,0.05366567026566127,0.5400100476960167,0.581637881758073,-2.979658442630924
169,0.5003093441894414,0.9649368468827065,0.401012353275385,0.5631956253248542,0.08850581608236707,0.5191681917147123,0.6282334094807788,0.6531539767064011,0.3665140148771042,0.08033991638904914,-1.6838612918151887
170,0.6012942436879372,0.8865662488385435,0.7023352419040891,0.27501031323436864,0.42742033609529484,0.2666268256227895,0.5983468805262947,0.6489118776654833,0.016956001423641176,0.05725177024685024,-1.0718730699132668
171,0.13944749072073737,0.92464624725026,0.19623510721782012,0.02988855376306343,0.6877887062212925,0.5004784139002647,0.07273455324903366,0.10657605374441093,0.265946266372341,0.02102127890202732,1.466887826040194
172,0.33876852431415705,0.12021445764536509,0.19216788898372072,0.11631700198909323,0.18230312807893445,0.8993516706257175,0.6915458561861536,0.4181361189083248,0.5264229037783735,0.7893331606074825,0.41172620867796206
173,0.8717732460987562,0.8361995636778153,0.3835896966650244,0.6375304103214898,0.6137826596649418,0.04655409158345747,0.011602776159099326,0.12389584179887492,0.22569762159232165,0.5830705575474678,-0.4827711396430795
174,0.6817768291512788,0.8615796436664307,0.08403665893481849,0.5940992670699818,0.8941761836068396,0.6428064302795117,0.8228737184958982,0.8780188005572062,0.32036661187415627,0.026274887742266162,2.264842837815517
175,0.14104884340638746,0.5034229253164968,0.7562715870518935,0.8114884178581354,0.0835087003362942,0.22144110024211583,0.48554819827305706,0.9478760509811592,0.6167291493577286,0.993432320119404,3.355252082799217
176,0.4495662679057314,0.640598077029348,0.4563310426213518,0.4647822704315504,0.16601743479845943,0.9073102652513576,0.3705908663322478,0.5840406751754296,0.7165909831504809,0.811256052075132,0.9022320970012436
177,0.1035510483453066,0.24786967617509736,0.7606491432701985,0.08482912644702789,0.4692395288299783,0.061134360031180446,0.1656750891803226,0.2363328127463874,0.8358540883076505,0.043391055953632685,1.839756887217251
178,0.8216805839351913,0.9576083463903865,0.3442827595128386,0.3844424730301639,0.7601252969978795,0.21064348411467382,0.1779549031259271,0.1629627906217439,0.5990108652849546,0.09599390216457693,-2.739679755834684
179,0.23913068438192908,0.14294686093364384,0.05245568459166006,0.44102808532842686,0.6933364512879217,0.7048430948654684,0.03374932679952958,0.7901106822833128,0.05048112247568093,0.528812507089015,1.1626146742578143
180,0.968654042178312,0.9493928660597079,0.19943602819093698,0.474904118157347,0.8418905822747238,0.7175714283521791,0.7215208678561359,0.16780837275008398,0.9526396875363508,0.4738990866147731,-0.18296218009044807
181,0.18645071054746032,0.8012534654551566,0.30313171550172624,0.7310295325410957,0.6348242821030281,0.24204358448941088,0.5557448207078789,0.31026054219481025,0.5655801928696363,0.1446557349804749,-1.5887254859563478
182,0.15871724094844097,0.7227910951960699,0.0703884309162377,0.9331863670008639,0.9931250067557785,0.5794426421059463,0.04455078050884409,0.9064309576891818,0.14056211301965238,0.5844829534291865,4.890692336272732
183,0.5954063538332397,0.11139655305551766,0.7473039636578154,0.6595543002160352,0.7145919774409191,0.9532287803439952,0.19870737076616707,0.6610738044284323,0.8278363579473944,0.3376269794547099,-0.20901992849321624
184,0.9848234793643771,0.2654175116485291,0.45640336009219384,0.9044116437929002,0.0939166859553967,0.2567200872354344,0.01644065595284372,0.7075984465382055,0.3194555907404856,0.8434345994770232,1.0837336083657807
185,0.6856722498953788,0.7253321275749381,0.4901960999778222,0.5603742758026773,0.5888200995008092,0.6817527684423039,0.629096286758357,0.6901960873838215,0.6313743435522359,0.8045699141920043,-1.327215494840181
186,0.3140113710086623,0.3621184409335597,0.3725560481804011,0.3057242273968489,0.6236588311487956,0.9832102895245098,0.2334156325832324,0.986135826486458,0.7104970313130108,0.38050278732180587,-1.9233239144011645
187,0.03138498265763845,0.7265648253326188,0.35476167431097905,0.6687486597474478,0.8012479494248432,0.77363338070325,0.7236198347055411,0.05314425082868468,0.8268256404947842,0.7457009160459617,3.4063046166416036
188,0.7191517281946324,0.6361222454310755,0.953689622592939,0.0011142214169524989,0.69578179276029,0.5181521947938771,0.9444445325244719,0.7332329383573991,0.17008027667077563,0.14975623268697014,1.5993309485792129
189,0.5520358694403864,0.36208206460118875,0.66624505869028,0.4975688405242982,0.6518192666908065,0.570849140510504,0.727019453098416,0.37532104800170196,0.20714397651714433,0.83796014708447,-3.279285257339024
190,0.6380481700842564,0.9929294823819161,0.39809064103148795,0.4154077123648673,0.04430680596827452,0.8412599558338925,0.42934303395289264,0.42989344402309526,0.9120175120938021,0.5601563245379401,-2.3412461710315835
191,0.8508690444997868,0.20357109964386733,0.25854688113679825,0.8936451941056082,0.022529350485910093,0.10026996756937023,0.005273316777663628,0.4881696794492484,0.6775555567988832,0.24381535177167735,-0.08309451775226734
192,0.040728302870544075,0.8892247269299918,0.1320695249297159,0.4249746888216851,0.774825847340706,0.4572279084431379,0.04982752224909892,0.9602125033017648,0.6602168825830547,0.6328573788536332,0.6792637820255548
193,0.44698979836705066,0.25706666662979616,0.09620210401387241,0.7096699967729945,0.32858563042335975,0.11661284363423541,0.7318900431018287,0.4089587327971591,0.6015792557539645,0.3796532700555064,-2.1279358315042973
194,0.8043251693624485,0.26019575172741305,0.46734199690527023,0.32269136275706245,0.18201718614723172,0.3008676062230551,0.3477867211238953,0.859639237123848,0.32652419189858384,0.9653586744514262,-3.8423982321983283
195,0.5246981597657925,0.38807432267070174,0.7644571974589631,0.4744036198788433,0.5699471672704133,0.924934100707406,0.2713952971422706,0.10600601560342715,0.5570318690239017,0.226470382221016,-2.4083899463485756
196,0.4156845445661491,0.9406085870328356,0.1245556879873515,0.5713752836948722,0.027209223655076498,0.5455764943746082,0.17779613851105358,0.9346067882869018,0.2508178540915439,0.11424121809460808,1.539411647658056
197,0.23648089506363912,0.6268978705660581,0.45734135298897816,0.9397971692953879,0.5825967499525679,0.4539285156094166,0.38358513584374476,0.3485445978727031,0.12142536413501337,0.8282731763098363,-1.1264418115763581
198,0.14200775602774185,0.7171633746337744,0.9351685027649789,0.269928534706239,0.8816438455714719,0.5544934205985451,0.7160351780296894,0.6961428969640607,0.3823800910645909,0.893884232807705,2.104231211216047
199,0.9916759660867288,0.7081147646812153,0.7012395195634303,0.5878338912769095,0.48592407334040133,0.6644369238737678,0.8327416971928205,0.013591580295267969,0.6667355818505568,0.8000133760693363,2.5104426110246942
200,0.21082338155989078,0.6179360687456176,0.271177446974583,0.08632286363363195,0.868560717998358,0.8986768432119993,0.017172253259216008,0.8285592625589956,0.686436160593798,0.8314611993455986,5.748919990022332
201,0.22033493043361785,0.2682379568769807,0.6333214362122002,0.6774841784728144,0.9860074953961737,0.018182833609091564,0.5882429427408403,0.6381065246887131,0.759255146105733,0.6567812326916851,1.6213683808546753
202,0.38535656627716564,0.39259784557513777,0.40211244927904954,0.009595603289507482,0.5611488169582893,0.9442595967812172,0.5429202611564301,0.39723352139315604,0.5191927119553161,0.5763039870339384,-3.5943218232413856
203,0.7253502563066707,0.3595122497605565,0.9437461236189264,0.4377646093722456,0.9116356494091017,0.7093315178796604,0.369300383361428,0.7704718479079392,0.3390212282720392,0.3882853236015076,-2.998945143790467
204,0.27810878601727873,0.24382646538412633,0.1369501097324165,0.9836261445929199,0.8451455820942506,0.8519892606006358,0.29285661412163,0.13231614972913708,0.7886720191974811,0.2074573889771153,2.233821698789243
205,0.3170656895594227,0.920135278693749,0.6099104694032019,0.4823824079552155,0.5430386110025289,0.3141785660779354,0.19605823595291805,0.893034765934821,0.5516237752487073,0.28838286821590087,-1.7084683812212913
206,0.24191461982563012,0.40902875120374527,0.3183094124213032,0.9886959802808604,0.8017740320869345,0.586898772716513,0.5850061593577989,0.6537773300214639,0.7365671298432594,0.319320267805029,-0.9411575473983225
207,0.5697114588878656,0.22919416280160598,0.27274524857740046,0.8857226440626516,0.8969604718248789,0.358713398274505,0.7867209328804966,0.9420074938594184,0.15719119455564268,0.8603655368307962,1.2874321202677392
208,0.7072967115517685,0.10625396857422686,0.4689522510226526,0.1879301515988594,0.3507120740833507,0.888389031773001,0.8601766583976238,0.48308261717248224,0.8770807779220335,0.1502294322057537,-1.2165103662540344
209,0.7719711833899972,0.4801867130188773,0.7711602624255058,0.07248775970665333,0.802448968547733,0.37350253853694115,0.2239228490672599,0.32737938494645846,0.8885117120661549,0.44529452107671086,-2.002722362902258
210,0.14001039373770152,0.07003840049870513,0.8257646294680411,0.06183923587434659,0.49108252494547555,0.6749568901640353,0.6496286106435379,0.19868873152098665,0.6323034280941693,0.055996782058992056,1.074453585328771
211,0.8988105133411969,0.5008146184006337,0.44737256048253016,0.2651586451197667,0.5040124908359432,0.337715624490741,0.18254898158653887,0.787151661672364,0.47935737483401,0.8337911493537081,-3.495579882363512
212,0.5490918883994497,0.330570525006493,0.5259380527982779,0.4618288484037356,0.09553122766322175,0.2907814012855223,0.2668051075303425,0.9742767969311037,0.39963677351606275,0.9348178267258921,-2.070224323416215
213,0.42739989604028006,0.8473761599516569,0.007176080064445811,0.8286901069748979,0.5338792442727488,0.26140561025055375,0.029122440669930638,0.7408182698598675,0.6141248934193686,0.9414465433494571,2.9788254391959437
214,0.8493523309582353,0.9910461060851257,0.4307042855226587,0.2885658176714557,0.9106994212706313,0.061490739707992015,0.4279069205555165,0.18513206111323177,0.9812432690255067,0.2301597789056289,-1.7458774357294402
215,0.9431400662987662,0.218107993773188,0.9445784505027813,0.7050103272803812,0.11454296144342246,0.34233894094480766,0.6958942096699688,0.27496270325710326,0.9778604514114374,0.9605572370408025,1.4730801169549763
216,0.8422415868497706,0.48775765519092196,0.267419908383566,0.7636396218862583,0.020563490336386714,0.15565192489358948,0.36386513654041175,0.9187636341827805,0.9975577821943924,0.12577217897766024,1.4608809081658576
217,0.9413037469624792,0.6665223415805572,0.12951922970769636,0.650733413009125,0.11709354558389362,0.6769256631511119,0.9773692939998463,0.9734616325517409,0.9428535399415927,0.9759614259228369,5.773529384508457
218,0.19342972462695296,0.4902311468183498,0.2878734247719297,0.2917916080388051,0.32876820256807804,0.3294532243547862,0.004379033085842088,0.8586094530201502,0.5733579243713631,0.2726230596732401,-1.4098545742077968
219,0.1850161609815706,0.18963487308426752,0.2333560908560417,0.7577968331522328,0.8758800382315408,0.2234772165180935,0.3621525545530815,0.32079619383360913,0.6593117672313452,0.640189146825516,-1.4246711258078535
220,0.4464212844041139,0.010811513199125322,0.7352843576124122,0.31627644154525714,0.6593335390913134,0.1265924302470669,0.8993610020518892,0.8410521475344378,0.5803831361357004,0.39197727335936805,-0.5232219500813469
221,0.0829300882999302,0.5965991842397558,0.694809639534576,0.09002051823657842,0.4181707114072333,0.3119233831015098,0.03935070837325394,0.6146516758715566,0.4880234704601789,0.6901593937071568,-0.20241802890261265
222,0.9701120593641147,0.5130515252966971,0.007166308826771939,0.24812038425519867,0.48806073785815574,0.9189414090890128,0.5663325951418302,0.8946736031853734,0.6361751252234525,0.8689698081212005,1.6053419873385903
223,0.6370064064846026,0.494254866448967,0.06476542482503567,0.5772525558962581,0.04770417061915666,0.984961116540728,0.25001102935075215,0.7903563368315901,0.7903219967181322,0.041179242790113535,3.0519091283653275
224,0.8946601129870785,0.1929473296608809,0.9092527177889775,0.6290756893088438,0.47123800476178357,0.8360135106666832,0.826366876664602,0.8913921138926421,0.2677494561250733,0.10595249908593185,1.496185311606068
225,0.18676333887471963,0.90821595105154,0.03832955860394849,0.8908022391287861,0.4418373576202046,0.05018012188973442,0.5996999139761184,0.5845154071711306,0.952259354450074,0.29395093962520513,2.8753636823043074
226,0.4102553348807797,0.820311295832553,0.13341798645543623,0.1675563069502065,0.4494446361509822,0.5022063421816759,0.6395672186223947,0.997963195886709,0.524995621023473,0.43531452494212475,-1.9101340814532475
227,0.8365915154295077,0.8277878013774704,0.48172027841036313,0.9962466590659823,0.5916801105939098,0.817192066007892,0.34750654814214343,0.3860480765508616,0.5906982093273145,0.38884706100440014,-3.5539568477456975
228,0.3562379991612574,0.7928671136922039,0.11826016329663269,0.8472609212649411,0.563810865621309,0.6925359684838165,0.7829927490169648,0.8168320033973414,0.8859731370248666,0.18708428698394253,4.846430775356526
229,0.26320787102210697,0.49369824833094644,0.10531520683479478,0.17893410591931347,0.2808811803734902,0.8364264945409033,0.18468833480216273,0.2837409747014955,0.4159720113420443,0.7304568759084678,0.21703064235237915
230,0.5846483635816984,0.40921111594245074,0.7634512830957697,0.6274101745086818,0.4568161626895564,0.5022309081813432,0.004542932360008134,0.28247859708310263,0.8271455029370822,0.41516028515325654,-2.4186904793422963
231,0.9879609636954378,0.4765938307195674,0.06792993623531074,0.5996064014103724,0.7234517708270648,0.2974589207632138,0.017406831432624892,0.48939941195181647,0.021336309854914193,0.016384977123793498,0.8396002156626363
232,0.6640874999667119,0.34373959047447533,0.13347420515727237,0.20077192896061147,0.4229031220890117,0.3714586719114641,0.22873815642361972,0.5699049326731346,0.43585474137395663,0.9696697941199244,-5.012089586250599
233,0.042132010881177906,0.22656035679942432,0.19577064318203663,0.5508752265943851,0.1151417017932217,0.1653574386022456,0.7501999793793362,0.9792719831316344,0.24045977448321754,0.2982465230138164,-0.38481317920522834
234,0.1271373033122477,0.0021532608384793317,0.5756229469407008,0.8219385400712658,0.9670986084830155,0.4924015881364392,0.7571597938704272,0.859554933364381,0.589750011283639,0.3299156930007875,1.4534338137171463
235,0.587595321843811,0.9770499597111199,0.30951108578504827,0.1442446403818023,0.644869549956925,0.5596171300057924,0.7742611284616389,0.945129577299929,0.9980707528901002,0.33631307708209623,-1.1733564398268141
236,0.8874088220562438,0.6170436413948213,0.8248601318635592,0.3781581593282357,0.08003077840694872,0.58950068878195,0.22498700898015433,0.5559672789928977,0.8718086809580454,0.9267758677255289,1.6899496360677904
237,0.16365533311567249,0.4869208609977098,0.8799328558154474,0.453215484171396,0.7581813876379431,0.2507054561167975,0.7823607600140067,0.35511652029253027,0.14466344019232336,0.9636728566823353,0.7603685819057067
238,0.021082800602176155,0.34501031858024434,0.8987251037948112,0.9573613871358997,0.34723185782666066,0.17586741836234032,0.9643276103656255,0.12753479731721684,0.04061332652423211,0.0002468445207146619,3.6012924025737196
239,0.2553397071394289,0.9273334445847781,0.8623867225983016,0.3498041344566081,0.7246146094271854,0.2155261861081086,0.18079453053512928,0.7783411620070313,0.9204874398102502,0.964183022610732,3.8126267703684578
240,0.10392177816942405,0.27262696561072053,0.8678890267798456,0.08504111836990202,0.48390221596043614,0.15885726991047444,0.4176027442991831,0.9394848253013554,0.6557544196422731,0.2502953854957085,-0.6147311849130175
241,0.73397473014932,0.10740438220486959,0.2551888582168441,0.27688731723226134,0.5787367620347562,0.4862076705755364,0.30583723157849174,0.25973713020491984,0.7702968346544704,0.3927325153900455,-6.745670823094602
242,0.6080641503337011,0.40178311431651836,0.9344324757403477,0.21411496158103205,0.660081232241056,0.7755506466673295,0.47323416409056707,0.043257788502740646,0.0292661214297677,0.9810395415416613,0.05514195493392976
243,0.014825837322586799,0.6402031284879739,0.3525898958970123,0.8735064545479554,0.5083363358093239,0.12983792880422762,0.6585390394191676,0.19358092322426645,0.9742716752344713,0.29060686087887466,0.22406588235429803
244,0.7071603525569297,0.5901816406010659,0.4787050009570829,0.29559388885080307,0.10082660325427972,0.7198346518064707,0.5218938161067734,0.8063785684606267,0.9874267951309537,0.841697221693778,0.9775726026934763
245,0.2992396277042102,0.8522739278719457,0.8369871672029807,0.49335457287189033,0.9846778305697148,0.026998948387038424,0.29737559390870116,0.21497587230704407,0.6738201734422186,0.18699256555654387,2.5425652463771744
246,0.9835821958963461,0.7628323911430056,0.22919822004635326,0.5750135616275139,0.48429760111157816,0.8149170648298545,0.7846595009605887,0.25557231005694336,0.28747810806402585,0.7300393081380584,0.08821440039609355
247,0.8788610862622979,0.1842521582265405,0.4696635928022035,0.8698553277658688,0.523586411230513,0.8624019093180835,0.11757365465034375,0.4289360958241316,5.196746895674842e-05,0.854854756613812,-0.4031481966547077
248,0.36675283874969933,0.3932745109942217,0.1461839582676958,0.42499247024529907,0.26818551612949815,0.913352743145915,0.5755557020203156,0.3329801966593572,0.9449519129778428,0.48801722298289474,-1.0753086120424553
249,0.9115035178505363,0.7985452357287295,0.8094283780090438,0.5944036299798179,0.3368360206843355,0.38637279168504857,0.8477697675290343,0.9925139467428699,0.16587786466498722,0.913260413262772,2.727330140919214
250,0.637987591123717,0.43775634300226873,0.2918870139440469,0.7181016524570827,0.32200453700788045,0.3248216528115323,0.9474351449100262,0.5257408394446368,0.44143838136846447,0.3854118634667766,-3.9616507488976844
251,0.904904622816433,0.2323495349082373,0.5086153268268427,0.381410333325901,0.5810499740660652,0.8745681303998404,0.4256781091125461,0.921620412053503,0.24137679592588712,0.32851595778752063,-4.767183085838271
252,0.46355345751719434,0.921558342150364,0.4804160696647357,0.7377333109868875,0.13494239487963922,0.9623197349713548,0.1847388053305531,0.17417920233808892,0.7580924865545695,0.11664404629594083,2.6996786568492572
253,0.46797180631103663,0.3636568894919532,0.059110607801317716,0.8557879953534926,0.7014803809963879,0.8693284417674442,0.8180884517759003,0.9088898971902298,0.981101112201759,0.658666505497452,4.161529024154437
254,0.7197411220314788,0.6936283999433906,0.18738828959473441,0.8792722046557657,0.8366033576287594,0.2751024249890328,0.5485980512120152,0.7960284813770755,0.3572224880303704,0.3893093886972271,-1.7895708840678488
255,0.20104671990184686,0.5960234232844877,0.34671853819545584,0.7845855553467158,0.20817138560066906,0.48869358170403265,0.6719318396027821,0.9642763210494145,0.7623349200535298,0.42166573724579404,1.1481664460443337
256,0.8498551366149801,0.7255382320980185,0.9102452127515013,0.08078609859042352,0.4531971361037974,0.35481453432724575,0.12810240423661046,0.42746991622915664,0.1023663997359584,0.9751302170945373,0.5680789320602944
257,0.9853028020038871,0.5647180341225364,0.6146208416819454,0.6134995224084652,0.7336522714306897,0.7567866799468309,0.43306341533895576,0.8666216496107828,0.3498011942035043,0.27548400479759705,-1.4097167496548222
258,0.8413928339837768,0.507733897412642,0.5260500784555967,0.3031892270591263,0.6658893838124271,0.9441896464838806,0.8320241862705776,0.455185821153797,0.8705320743391574,0.7596069188222969,-0.6210798396590488
259,0.08814534548466879,0.8847156980071943,0.9349094277241212,0.4892675386057571,0.8586129584155124,0.634880261542469,0.8263219303500133,0.26790244493292814,0.9178359209694721,0.9327455017835015,3.9040876085991862
260,0.2558772475925295,0.9077700428971326,0.6737210348655639,0.11072278205644825,0.3085471832643505,0.5332763934437534,0.3818187902695631,0.7280434899597217,0.7978057431544981,0.8433625114006145,2.2459825115791383
261,0.18395789703161403,0.40246362435957006,0.15596082701687208,0.6174696545905982,0.9351455981662585,0.16140637328394403,0.19772919642473397,0.510875693803138,0.3823802272886496,0.7246298638779346,-0.5563335541056669
262,0.6342401733930347,0.6354681717041063,0.28598805869650035,0.04878833875938893,0.2860638347404538,0.8758923930612642,0.5121566775494842,0.9059493414869721,0.3019083197415403,0.08034303608278714,-0.018070676625525417
263,0.1945275340729209,0.6516061660767686,0.09878505338691856,0.3100114758094943,0.49638315224341434,0.6859743483233566,0.5275348426111283,0.02270280743282105,0.3966772353224912,0.012035850032123152,0.06662467830705698
264,0.5794304439880849,0.5438750083914801,0.441359747508112,0.4989433087165259,0.09282119652721443,0.3780729098763208,0.3135094807721285,0.5150882377493893,0.42765682899062774,0.78950125186785,-4.0609258262888694
265,0.7539535512516525,0.5580095513026666,0.5583541737979959,0.914010177343256,0.5836362067988412,0.3558845273425971,0.4391571520255888,0.37626696953605043,0.2246758977966724,0.5234089536049907,-5.248796806414577
266,0.24310396894846453,0.9639216214048197,0.7455526692039046,0.301088453156505,0.14582204521655828,0.8779952326404519,0.30708073086885923,0.06855852188503031,0.24179766548795079,0.3886490124478005,0.5318710182154148
267,0.6890284608673085,0.6242587211327629,0.7800018519405402,0.8008622338114837,0.739691073800834,0.4126318526093026,0.28497817357163036,0.28258223753111944,0.37315325982946224,0.041513314346327324,-1.9418442192487269
268,0.8770588394682578,0.2769034124562212,0.9080549443547162,0.21388003433559954,0.49186270629173134,0.1471098179616832,0.6124345289685056,0.0615869330230967,0.09709140918828063,0.567347963307229,-2.1662501758584485
269,0.4638794120631373,0.6381561923536769,0.5358164333938067,0.1383308179055388,0.5857515842198354,0.35767896434089963,0.9255975768684285,0.6122666422030378,0.7310480585447711,0.2749924421942158,-1.4218509751686477
270,0.6953584948378639,0.3421901413854064,0.4047221727693717,0.7408440871947275,0.8632918233537019,0.3339411571054972,0.9007543625007339,0.053303642491842496,0.9184854343460408,0.3272659340518371,-0.9207693683654354
271,0.27051349181708206,0.5657575039916583,0.3058179524823851,0.8551591152047564,0.9334866317880081,0.6736133742490001,0.28020958559761266,0.7530109653644628,0.32499577300661353,0.2964291747335701,0.7097213270884457
272,0.7072759977244193,0.5623505872266462,0.429850944619962,0.515798369366189,0.3360260477800887,0.8489620838472421,0.6163881630561411,0.5530487155469043,0.13050281085375726,0.5396137798769411,-2.8949483750572482
273,0.44148595314049643,0.2713321852916246,0.16406206214237407,0.6953067299911981,0.06965664356001011,0.5693090732110873,0.8981768218508479,0.6964978271423693,0.7943051156655335,0.2904676660761204,1.0267641221985953
274,0.9754040305568802,0.918276643561627,0.9599591525839888,0.5269896922013603,0.29125481247274054,0.10547881000948389,0.19983829526298902,0.9423895801858786,0.5586482632138974,0.7554687543627904,2.0700091546512738
275,0.5794073896483319,0.8929945751264655,0.327671024260732,0.5924978498055862,0.005874374116442649,0.8196576720539007,0.3199828838066572,0.4444443562303536,0.23529852243452754,0.1001928411497236,-0.7294760852383579
276,0.42091450337682845,0.3580410707777002,0.28493506841891214,0.9634428107958719,0.277036983092913,0.5768820428171282,0.18682718865409131,0.4807886978074809,0.7383283607257266,0.4708050084881771,-2.2341841840753767
277,0.5249722974264418,0.5901998609684279,0.3275893723521456,0.3635163942722688,0.2765895388540338,0.22462922322046208,0.21315333608580744,0.22665235773702175,0.16498777958095,0.46750805415026864,-3.423317604936898
278,0.810035083165253,0.42207713535778346,0.7176844120134063,0.225739279082252,0.3315598513198328,0.7327692966130903,0.8749711576223835,0.2913552672642419,0.3777706808492365,0.28731912065432463,-3.4332904544965404
279,0.4860256509671501,0.4525506945330914,0.7063507157368449,0.3609408857181524,0.06596732211669498,0.7863481887047812,0.5675998701097579,0.5099168362075367,0.27788898903492776,0.4835857716605467,-2.1593643171102395
280,0.2927938085067674,0.591165331998746,0.7972024294623224,0.6551233622594467,0.9564674276100036,0.6647640213708955,0.08948859781283991,0.3465690311796247,0.4504643371283402,0.6780358497543809,1.9814161083562034
281,0.35386951270191835,0.588562041995153,0.9802211224510593,0.7111522392567756,0.16037715420904375,0.0371326311812713,0.5363370223048584,0.7938416378868757,0.9759027307384591,0.8859276047752881,5.8185574345944655
282,0.2409300395101689,0.9822793561743755,0.9913985663603186,0.3776871225937162,0.5616764082188774,0.09775297706318209,0.6308514730772902,0.2757286900505751,0.12448455480869103,0.238890017217412,-0.3525738688110034
283,0.8735032242828431,0.5914330273011249,0.5600192779291108,0.7194653653129501,0.0410403009464978,0.2093295780573593,0.8446379559217699,0.10108718121000282,0.8325334402124486,0.4419429347081877,1.5673122784685274
284,0.31408512830103086,0.7890276987785153,0.3963469299580793,0.2722118177806364,0.0035286127748949125,0.13695970053682183,0.9929495981445637,0.6368892823157928,0.930865818131641,0.3253039213692679,2.4436459506490427
285,0.37122573148705706,0.4737763285463873,0.8359194506974452,0.05838223205438586,0.01502974477667196,0.9733105510075766,0.9742789669285021,0.7076778723495173,0.36498801601880504,0.924003121839654,4.920245382329488
286,0.7614545710816868,0.3025947383568427,0.569068573936609,0.45104902360444343,0.6178791947119548,0.7581933535836866,0.7773769124718539,0.14030310882831643,0.7789730881757037,0.058763473961420454,-1.3427015675920293
287,0.19069597310934938,0.8868377410011339,0.6431755004568958,0.1395774082714032,0.04880623572656395,0.28600043337412473,0.29249639499751323,0.32070782694655986,0.1315149557319799,0.2294735880660741,0.15929627497053628
288,0.07342163112786249,0.8120299801098073,0.6756331145897896,0.814453078385807,0.012502976273569888,0.42324418819256515,0.31004995179095796,0.8649719867336595,0.9404739947119303,0.0774817143316906,4.182887652473605
289,0.31718115866005603,0.8875426317557031,0.5057943790500704,0.7454230486846548,0.5501421609491434,0.8341416372296593,0.8331027938017389,0.07679919654605438,0.5652523935627654,0.1868858465982245,1.7454750280283262
290,0.6083110659793849,0.21966399898861877,0.02601910785336503,0.4684149600130668,0.37749516310180053,0.5741241032249201,0.944754641545039,0.7884041818350143,0.9796983151264543,0.5456699982853739,-0.7346833152798473
291,0.7793283955730599,0.2764806812654763,0.7960772017542845,0.4475601476272253,0.1430776192354175,0.13192494586865755,0.5308930399866999,0.07430629919482956,0.661788460791588,0.8452101448527922,-0.19655444063408628
292,0.859623953431523,0.08999512797987574,0.30877075653006436,0.8818515172996745,0.30979030582628164,0.28861840193597643,0.9287853588800092,0.2534143091378409,0.7571905084058408,0.6879207834760797,-0.5369925015461742
293,0.30970577925702836,0.6862532297817382,0.024998186617475326,0.6814554183104784,0.8471131555270809,0.7619662646601221,0.33168976361325897,0.9937780589184766,0.4996083836805707,0.49925070038107966,2.2196806932317092
294,0.12512007394458535,0.2846123042706301,0.1916306104340122,0.8529182770888792,0.5941850437765924,0.8099254856016166,0.6953395337317164,0.594205049900252,0.07148292920153532,0.9020537958751469,1.8542945203013361
295,0.7380686918598087,0.17683519842104722,0.2782550997364396,0.08864535497652137,0.3245362939791475,0.7189299885398487,0.04074940727046528,0.46699980465240776,0.09003368490103503,0.8258377104662964,-1.053880527210595
296,0.09550127249110452,0.7987377644735819,0.17447557726887086,0.35367659525584727,0.6193920903484958,0.5221647467810729,0.18741210191875446,0.5208685146376772,0.4538739108488098,0.6650498343950144,-3.1979062990210037
297,0.11715425608593988,0.6778819409067939,0.7369657857823837,0.5822160861966162,0.8299451411065202,0.47578643811104504,0.08486365174694466,0.6781740999171227,0.474212006862358,0.9649722443292389,1.5138203871731166
298,0.27174490366071014,0.41465822696800914,0.62316747893388,0.29123961633186524,0.6600470606755313,0.34243427179099883,0.22410323919777597,0.7634516425392455,0.07837269483009623,0.774761340675787,-1.0999894843946958
299,0.4861050899042856,0.8136516570150575,0.8642810976590237,0.43119242736728436,0.5582079856242501,0.6909647041689297,0.6238883628355446,0.3194883281436871,0.24952264200172625,0.17648347079788362,-1.8411580907468688
300,0.14971650240780598,0.4293669007435418,0.19595768304473538,0.5881647059352825,0.6032477489498985,0.17789481161970433,0.004873443587358084,0.2226427129376759,0.853473393191444,0.6479898457793469,0.4712176028609738
301,0.925678158171172,0.668373995421155,0.9645964303383849,0.3749590027040972,0.022814328245407967,0.25367391909214354,0.1399317492164125,0.6244288129019919,0.7352266106913553,0.8233683189171962,2.3356271566905513
302,0.12677394739622116,0.37935861117697856,0.8330335003313479,0.1389044895620568,0.9783102250850236,0.8729687159093669,0.9703748013869946,0.4777192938646586,0.5831709021295881,0.3368690784909637,1.3682350027774202
303,0.3267992052980295,0.9070386315191301,0.14624468494192955,0.08228827775070757,0.3770960997111471,0.3924785233797836,0.9857342472058467,0.049711693785588595,0.47383825918901146,0.053797436200974214,1.2133676928598418
304,0.7793243624183632,0.45630876270515386,0.7042604387628716,0.2925036776926202,0.8187927456649262,0.61532090966626,0.7518383134300294,0.15192519563907136,0.317993540961633,0.19105955217281945,-2.4021665309568876
305,0.21376798305836853,0.676890581967018,0.42165183931565486,0.5184531350093392,0.2657960873712998,0.8771637628363194,0.745778777575606,0.4813197674609646,0.7915763738569601,0.16908353626574568,1.5686216592082414
306,0.3898526598542358,0.8390712349144273,0.014630925218052204,0.7626832600515812,0.6671822609788821,0.4717073690689264,0.7158219038445472,0.21951326168465235,0.3929683045240907,0.5262739158802414,-0.5108214781114093
307,0.9059028484166018,0.3688523313684644,0.8676712041778133,0.48562229650252553,0.6834308114292136,0.12177624840390866,0.8841842456585987,0.30903396189988463,0.8022466732147211,0.5849262357058003,-1.012208583144882
308,0.613962375602396,0.4827149616962033,0.33747021729132876,0.8524174460318465,0.9113772126006815,0.7672900311916889,0.3056957587308916,0.45681261834044895,0.5890904505113889,0.1421907661746783,-1.7984030593988047
309,0.9510362848642766,0.2507954010375455,0.883439393714383,0.14728168149672793,0.2891156078760354,0.3368235703155311,0.34175489803239656,0.2630236141455411,0.2149227151200198,0.0419545712932029,-2.369817023123956
310,0.7770363112835748,0.18863867429865466,0.19434987590571262,0.7374806564804908,0.1683631283615149,0.9516275211643771,0.9118370677397478,0.4290337046368503,0.18956873696264498,0.4993259886055953,-0.4479386311325082
311,0.7463177225929716,0.36513755295855155,0.3334204252974863,0.06961299582401181,0.4166627729235213,0.7690778381789065,0.9810618027976786,0.029585048236047462,0.6638595769737351,0.8742558167463248,0.319077171001494
312,0.4268339415564244,0.14044977174067086,0.099330751034586,0.14966616106168817,0.810089758743757,0.5503347028771705,0.11140059738142838,0.27948462056389844,0.8761280379005015,0.9748006722553608,0.8663612484096728
313,0.8184331007502421,0.16372380860705416,0.07767713429382783,0.7927599122557786,0.22728174258391853,0.04057724760353043,0.752229390192064,0.9019952736577346,0.4994518587474184,0.1397937880285769,1.1292697540266268
314,0.040525300486113136,0.6045949598126464,0.22347870482373433,0.41366894838551993,0.9667102070132666,0.5437140039074299,0.9132220471536371,0.8933330709428541,0.1740507039283199,0.22250163374364196,1.6538614788777202
315,0.9467248584299731,0.9987645719399347,0.6211285010237423,0.5608397617423712,0.8196161632513275,0.10325225644183145,0.48455949028576684,0.9827632461130499,0.14099826883133748,0.2997666909796276,-0.9687160561784641
316,0.4810133875777204,0.02098624057955145,0.6039148100015389,0.5102274463764698,0.26856529277627983,0.24498682702862906,0.5869861353509808,0.08846098067009789,0.7274538564877927,0.11706636925431957,-0.5665678683573538
317,0.8283036556346666,0.9547538173709874,0.9903097222998749,0.9097120184033517,0.6074206688515895,0.5623241778943077,0.438997586505814,0.015382705103334393,0.09651711812466235,0.6939502999034967,0.25334475787898625
318,0.9861291453713319,0.1749312712280796,0.6408096160051956,0.631629661675904,0.22375048486076754,0.07021007459679418,0.794269897971121,0.516041376377105,0.8026749432081544,0.891823470724998,1.9293347466041582
319,0.011344494797779991,0.6721316354789856,0.542111414111945,0.31770044168567746,0.075077174684824,0.5572513382516443,0.9717007077023442,0.13312011493729692,0.10943113676415983,0.24744748810416262,0.8758610461701902
320,0.06607174167200192,0.4714325835032225,0.5538042920490295,0.9189773862672762,0.5757289185904706,0.32356594423255003,0.0976512187620785,0.9048125190835984,0.5298073191800539,0.521939097019356,-0.6000234758693959
321,0.9777889107843775,0.5797241368822843,0.7279335911662849,0.37502501355832474,0.788492845231186,0.3257545399627946,0.753054616330296,0.18734709704605568,0.6085442342017642,0.7654407683893332,-1.140290919679728
322,0.5720384860153593,0.4295672086883555,0.6138818124632162,0.024072142069510805,0.906752391100493,0.056119427772611474,0.3107851903554898,0.6855473543641742,0.5061788726987473,0.824028192904046,-0.13257111276779282
323,0.04443112653876813,0.1212917813181803,0.10027159750177794,0.07863681382126941,0.5944537880078054,0.7819204361178601,0.8728251319923365,0.6941647380041078,0.9032934792852012,0.1860456984577572,2.0698306597664664
324,0.24098552096541936,0.7017782809200328,0.01324573050986766,0.526570855842717,0.38707348397115804,0.7014121632549457,0.19242384957413294,0.8890493197198388,0.8447159263926628,0.7720962912200049,4.182457350394794
325,0.6337357948126454,0.9586963927157289,0.2419865538971958,0.8878943691939247,0.03552093682014801,0.05566286410460575,0.6621247314922143,0.16218894099643066,0.835261009016204,0.7847214806782442,2.984578554873936
326,0.8202441816403033,0.8128437378432766,0.39091147953408534,0.19301756736858378,0.5230531008509035,0.07672974129392884,0.5803030525145556,0.21686143324867224,0.2233916267783127,0.9138552674946504,-2.0331451985653115
327,0.1254102838906629,0.08656681122462684,0.6201415820940057,0.40925224786554026,0.00446610474729825,0.5951265753636297,0.742318842924276,0.7772562142143237,0.9495923037555197,0.19286563507687182,1.679256950702192
328,0.5346571994866768,0.022887955772848967,0.004149986968731367,0.30204646817379843,0.3643747364541571,0.20030505122907327,0.2910654508420827,0.5134956538527038,0.5691889522302944,0.29707601767296443,-3.832141401554597
329,0.7581132625169992,0.6914590481196078,0.6741994714602708,0.9055800265674645,0.44249777063492246,0.8982193412108946,0.5882868668656378,0.24267600393374056,0.7129919701943648,0.922763486259372,1.3229336498443471
330,0.1821084382454875,0.46601977100589176,0.15989794933060564,0.38447443236861023,0.8810492081292716,0.9989369777919906,0.7061313452325507,0.9528017949670821,0.7878295763098335,0.3020937952597712,1.9273024951937536
331,0.5904094481102414,0.7754883616500163,0.8848483062545155,0.5336662398995983,0.6064427524461906,0.45963686206818166,0.5272800690541349,0.12127382044931301,0.3393532800211454,0.529682080447585,-3.1154510586272357
332,0.9680644293051062,0.8268950297501015,0.019881124578733145,0.8185439339228036,0.07940883560352385,0.6074428638489883,0.618352288412654,0.999450223104367,0.7826647970457415,0.7267785680452463,4.587283731525675
333,0.677937685519185,0.2683597147348412,0.03326069486509897,0.9602189725357508,0.3090305680438731,0.33214373270091546,0.15542850435876676,0.9978193689305149,0.9103923523380553,0.41359158238827065,-0.3535413158124129
334,0.26794041212639885,0.6182808759065651,0.6997257266270002,0.6185050673819557,0.19996882291583473,0.9802029660304697,0.6164075757107342,0.5504562550275102,0.5577891955665633,0.32605000976526877,0.7627454591101728
335,0.5621490654507172,0.3445059563525871,0.8092526383337284,0.3199728853789017,0.7278287335510734,0.8028503371122316,0.3114781409335,0.6403780897262229,0.958933452082395,0.9947153147567993,0.048373187924869804
336,0.04701739670298821,0.35891776801052155,0.5868779467207689,0.2831642306637434,0.6808890399103157,0.920086788150681,0.9404490202892217,0.7377261958359557,0.1788364253154262,0.04798630542440796,0.7442861841405345
337,0.10430462714723365,0.9204204529962531,0.5344283912849083,0.5170473894154547,0.913050408220601,0.5837999115214862,0.8814357631257802,0.04348111475969585,0.28136721173084556,0.062246775210826555,1.5904547163071154
338,0.48740547675845314,0.9916410363615962,0.6080492230868398,0.7893318840829301,0.2544680523420426,0.4128000082429626,0.651190527883282,0.8322778745807995,0.7319686291512713,0.7596172049631336,1.7282020315289093
339,0.35633147023173983,0.6042454167226426,0.5659014229580251,0.811790611308749,0.9931345155281075,0.16732786342274542,0.954154930792001,0.7944263916424944,0.10064473036332344,0.6553065298676385,4.795587795576111
340,0.2779608739499506,0.32224518846312455,0.4097623176346328,0.29831893081660155,0.8510343725858761,0.8933478042592351,0.210908306690601,0.2942709014663667,0.8579064815609084,0.8109453404644047,-0.14061455013161045
341,0.1568197547837773,0.2584734031239625,0.056785506153812726,0.15233987413223093,0.25797562393070783,0.6501929286555175,0.4197475363090284,0.23432131566367653,0.7260333028992763,0.252214911315785,-1.1813690773896008
342,0.5814448412475214,0.5333114815440818,0.7174273033083229,0.6227384549059509,0.8721307213167538,0.5343172347824996,0.8483708191400351,0.43517068846560436,0.4090754875163468,0.8566538692700847,-0.5917389574873065
343,0.9171478185642107,0.6582909886446103,0.41197296895228486,0.14456457812915113,0.5980273714121828,0.4106664329643298,0.47292565849400414,0.05780289480875378,0.6619981000259824,0.9429986437478428,-2.1366640371044734
344,0.3345859837929823,0.9328129061258043,0.801354099587535,0.5436251097166728,0.9431608286010899,0.5855457007130874,0.7846325188890098,0.7915585173511023,0.36327098533729796,0.17074415103459173,2.4167952027403383
345,0.13105129793199644,0.5484920401672813,0.6888595345164235,0.736011567418187,0.23459578066695208,0.8057577758315682,0.4145285137366992,0.8631405008950476,0.22454580116062295,0.5987934385192591,2.368047682595108
346,0.08471549426951808,0.01449746329903856,0.8307554666006198,0.30446828910010293,0.6990082048637439,0.19343486963267764,0.579040393309512,0.49539884164644277,0.09494315944165976,0.17049694859277476,-1.037439478491754
347,0.53479138992982,0.38141471077938527,0.014222193376844383,0.6900696758295655,0.9669792291773386,0.1496282354290932,0.8164113377105666,0.29262276997601544,0.5592699529170174,0.15082646049717385,0.21159373161614947
348,0.2886870555318597,0.7440434244894244,0.8231978799900324,0.6424216507471393,0.8758649101043081,0.5058351672074584,0.9547687117987557,0.6124119078673523,0.6152674758649366,0.7010251092307724,3.04748347793644
349,0.3778489149282278,0.7996807239729726,0.09502474932886285,0.7487436919046248,0.4273341268654258,0.5672609651564009,0.9786854478547158,0.7330353408471845,0.09288721603084216,0.9526259160684176,4.208629779443078
350,0.8884524440076687,0.8806752393763067,0.5028206434941707,0.7881604151063616,0.4553706953169353,0.8760254278272961,0.957972183405882,0.7028621441896241,0.37515387696794855,0.8322187648181398,1.632198752074602
351,0.3325556408841268,0.13740238169097385,0.501646652728395,0.005729491234410133,0.620595204685231,0.8271433249551118,0.9300157845842013,0.7166046613686038,0.4769333408244484,0.9881340795465441,0.9816723038003785
352,0.6725128228882633,0.23219029411671177,0.027018869037379822,0.6826625507093116,0.40208002884062766,0.265844057595943,0.7636395225298503,0.4350946249917308,0.18601096926141225,0.7405497829992839,-1.874701245178227
353,0.689596711492984,0.24228156462837924,0.5708711497738056,0.3699795161848196,0.740551778768355,0.5411796738013711,0.5173943978849209,0.2045189611406496,0.781814933367013,0.10968718330293847,-4.582837739569136
354,0.40591212798319176,0.6856037481625166,0.9516805893363857,0.2088343014042593,0.18471720728264118,0.9387824285755305,0.5325925692431932,0.6361402008598028,0.2583986713721417,0.8198719362570274,2.5114499347926333
355,0.9715562533072135,0.32664792927648956,0.1151384521394968,0.8914063305977279,0.694632565355262,0.7439305132154972,0.8956502965630321,0.1279165835145042,0.04755000732643966,0.16118572510975515,1.6163599690310877
356,0.8109037950676855,0.17309487164138604,0.4106464619772112,0.09364796266567932,0.3375161025130494,0.1668153677945704,0.6626268221680731,0.26102465126942764,0.8407278152949788,0.8732300527722409,-1.6357037640073295
357,0.3108908375464108,0.4539453106730641,0.8621312554836357,0.480331487095468,0.7706248655372757,0.9244606769508747,0.35958656256077026,0.8841473820471852,0.6429138275901733,0.7290286664523753,1.6501945869216248
358,0.03713985810245657,0.5580626074564473,0.9806606162691716,0.361121328316248,0.0669056327450015,0.12053792269424501,0.42888502927460537,0.15887550185103438,0.7353525371748033,0.8354675081482335,2.173817125929604
359,0.9997810680983386,0.6723517502350086,0.28046555055482103,0.29919850087128563,0.22757130950143045,0.9614825230776414,0.6597200193933043,0.3901615144607852,0.4577539548676902,0.239025822502289,-2.040742204271518
360,0.031634440840540456,0.4800982432172404,0.44893747964177155,0.48424885749353797,0.8301185326439271,0.843806096712849,0.9233619294275673,0.22362066422103766,0.19693217823011877,0.5457143589976335,-0.8419389666511043
361,0.3869163366462549,0.43747463573314227,0.7433860295672665,0.22067281739193667,0.9397611923392942,0.32220516390487053,0.8830330649725422,0.2033532833584344,0.8345657179529486,0.8982572202883158,2.6315735581587485
362,0.5044159465031031,0.3193290493034323,0.1293792657413212,0.3721486497704183,0.3472954889955896,0.23629533255510538,0.9749385556034746,0.1384001901328279,0.7089989171859638,0.13557798517726172,-1.2384549507677522
363,0.4412032654635698,0.5112414611085658,0.09044464339808278,0.14804128477049971,0.2141705781226646,0.8919218673491587,0.49657792919555077,0.06276350713043355,0.9033371622626765,0.4213232397803208,1.6129848258934951
364,0.009084250858123366,0.8018783678705159,0.74187650772973,0.8303440615594685,0.26708323164511216,0.17468331820494876,0.6545302332444509,0.3925795871365114,0.6878620370002463,0.1497222536613615,1.467108560685293
365,0.7174360472749172,0.8205839733087297,0.7126965619622277,0.5115866022242694,0.8415119627701991,0.16231531843618785,0.23553827307868358,0.43631887559638394,0.47109175537795267,0.17891396793837255,-2.5467318159626404
366,0.32719974839308275,0.09673539412691301,0.849676597162437,0.7283537747011889,0.7473256750688418,0.9820885012585784,0.9502486953534989,0.9778300044331996,0.25288015275732345,0.03962627377426853,4.644789306035645
367,0.6896056691050366,0.6774663506861871,0.7935502133035087,0.7142742497246573,0.942989222166039,0.5372956334341508,0.5923479462302279,0.8689218363239131,0.411104600855254,0.5240871487142231,0.08082378521064432
368,0.13087912303175175,0.6172096108385211,0.8281461509671662,0.40617062214796906,0.509309645484608,0.9140259318206533,0.3564523476226118,0.09684239057133792,0.06149291201992069,0.6468803453303893,1.4836952957085914
369,0.4337423659787828,0.39997356726689914,0.10584703847991739,0.3071215900396157,0.0703489132857339,0.5601330033211341,0.2575657716601859,0.7550102836985247,0.2929550180685523,0.465147861184409,-2.200159923519577
370,0.9560748028113285,0.2721564021786129,0.42430876078349,0.11166873026139068,0.3728413090543301,0.9040609527479438,0.6366193484606247,0.9870914104440583,0.6319600097805284,0.6985482043738311,-0.9504272507706165
371,0.00648017431995207,0.5480360966370561,0.29144970140782667,0.39540502981517445,0.48601904304064303,0.18504863025912366,0.9320664506051035,0.8158692229398886,0.617552653450602,0.9029349624379692,0.12520957380408118
372,0.8692298266337204,0.30753041007329995,0.4195715668424156,0.7537728650641907,0.5880447342635884,0.9162512336883794,0.8719825307116179,0.1445664645398237,0.32430857079880226,0.889223026506752,-0.6250611490911421
373,0.46307879798708806,0.520179038382713,0.04493608931907034,0.5816997632856855,0.4482780944301119,0.059044458742759764,0.7912692878411706,0.764102784380057,0.31884773523209387,0.6293800996539415,0.39226864501296455
374,0.211704785958174,0.22423285151413863,0.8004297254835686,0.5544391977847811,0.11619897616420949,0.8307466545942891,0.6821393002952648,0.7807402794134389,0.36909821271490284,0.9488550325703947,2.717738743181038
375,0.5572493758826199,0.8412735846598369,0.18622916069029116,0.6230744784655625,0.44442247151517533,0.4174657531654261,0.5961590154916802,0.5232006227401061,0.3410867913010136,0.011337197671559607,-3.1427138855036736
376,0.983414649904975,0.9919107692707658,0.558855098915942,0.9277803835961732,0.9235019105674044,0.6515914672828624,0.8152619598817941,0.1898468379260797,0.14873115720383367,0.7780834900768709,2.6700379464973416
377,0.9266106182703631,0.06891360525807755,0.408978955184785,0.6743553351517781,0.777917235901993,0.9099137172371282,0.5073959298015546,0.34517049609809647,0.16917894288600666,0.9055605523202448,-0.6587109063301854
378,0.3061491716972722,0.30495502210340975,0.465483974390959,0.23066777397935057,0.1759985116341951,0.7717489566901143,0.21224138978258822,0.4788699514387874,0.35678467962461347,0.5248937750333745,-3.1218230163538796
379,0.30145742947699705,0.2842664506831576,0.7570727999736303,0.9686823709432961,0.2260499514571661,0.7795225010659114,0.8863100851369259,0.5303580096163528,0.9326704724057306,0.48699366253464593,2.6496538916092023
380,0.9812761242178472,0.7375584288958266,0.7439542893396741,0.8118571239664641,0.7734554496811209,0.301181278153802,0.6717125005793539,0.6281350040431517,0.5767928756180168,0.448047081889285,-0.2361553249459594
381,0.32379447135930617,0.30940103855299994,0.7503604061168873,0.8362288458181377,0.224436479809913,0.018418267884188988,0.3203959928530934,0.8208190981836105,0.36556815599285775,0.4466301602590016,1.0247062875382058
382,0.6366414214663582,0.6262366153006058,0.3443244229593847,0.5770790653021164,0.015075775417310089,0.22895196090336056,0.3855336927878952,0.13922140930124782,0.12013932082092726,0.987180010241133,-0.5814993876451204
383,0.6918827320990509,0.25055024466799936,0.02809342780927071,0.3247077251706373,0.6204135011382899,0.8522283910751577,0.6282732556718741,0.7163640245400538,0.9592066299576127,0.31073304030056337,-2.2210295257122956
384,0.46277063621676384,0.8407559805038308,0.19124982323527162,0.2899263337147847,0.26158897249098234,0.727800164523123,0.5571802041220116,0.4870144677403727,0.4456199401994829,0.813323349496472,-1.6419587238484026
385,0.47536044743558303,0.9787182747483995,0.5964589729730125,0.017312705034566167,0.048183700536925556,0.5941767614366875,0.45836303870490014,0.19225519684607828,0.6175819950950336,0.3292382356839034,-1.8032736723671323
386,0.0720479797330531,0.5364425735415795,0.25597274728018937,0.5490497362118765,0.8272838449619699,0.3862746158904333,0.11364523112225777,0.6261286860534941,0.13442509583906137,0.9089492641941503,0.3719592871304752
387,0.09554551807154488,0.30378428572706373,0.34845908729033404,0.2966054770091654,0.5062660297972044,0.570504302476339,0.36020925361441225,0.8849495522680519,0.024816482192797307,0.20678679323346905,-2.8681695900413477
388,0.5571226659432268,0.7366514088396432,0.914766322025362,0.35804813796217505,0.12245012284944412,0.23649318550701892,0.42279634139397215,0.02854449906769152,0.7709532434050527,0.5648848058906324,0.7628339511406761
389,0.8068574781799905,0.8187315812732567,0.9396056487583989,0.10081714763915917,0.11271572969487842,0.011144947647297454,0.46299885987055955,0.8272417645865651,0.7038683072819667,0.914946275632036,3.9163862459894747
390,0.06821585406941522,0.156342328221587,0.5010005281790522,0.7441343989954542,0.25053276781383627,0.8428304141144987,0.8248501756198088,0.5275664145128324,0.27353732148094345,0.7190075571856808,0.7803278933575747
391,0.18326976790615368,0.9265495732438098,0.23514876655668104,0.928449819753467,0.3205332890816992,0.8901100416688138,0.15482111640911156,0.4048668908521921,0.8453277318144078,0.3627653025474685,1.9869974946859394
392,0.48068805116722435,0.8895324003100376,0.887767387888352,0.6011625128655367,0.8362661485704895,0.21934140530873436,0.9513962116813743,0.5793573668368383,0.2463241152653708,0.2862074873484608,1.1711245057003146
393,0.8906035706255484,0.6833598663894238,0.485063989725114,0.07055702505452088,0.9764486409340161,0.2058841612318727,0.38067117775070425,0.09238834919403982,0.9281040064203994,0.7327560930421247,1.3942338080689372
394,0.10761907851203567,0.9297554340545325,0.32052308095587734,0.5441622191353341,0.2063313853547757,0.14473698404021773,0.34652451778075843,0.04492856531825584,0.9556835898349811,0.3948640312121694,0.22883147174141788
395,0.9483361244634144,0.01955465841045334,0.5288159947276296,0.9887839830175091,0.6418023945980729,0.8244208470108928,0.30778246928131225,0.9724243289025228,0.7095289381030122,0.2534695784307629,-0.18255694081705948
396,0.4667583660715695,0.23889563205464892,0.5150666394493923,0.05256681248727135,0.031070418437570968,0.5342889183961139,0.1273986166543507,0.06701009814101777,0.9581698285125133,0.6361560082312864,0.6963954608804502
397,0.09627860034603042,0.030832972004564252,0.0876157607326663,0.200958992385177,0.44529763674572553,0.8109526036554857,0.6844496212795913,0.9595336953535829,0.44612853254998464,0.7975581488663618,1.004709445903904
398,0.5554995054745256,0.004808206069809029,0.9307992403046493,0.98181851031608,0.1851776381718736,0.024804476658464858,0.807546018426875,0.7101614351116367,0.5975184370688107,0.04610625082154629,4.365309931877387
399,0.6290321346997707,0.10539941574191403,0.3819379324557016,0.19852071293044948,0.6945194081757733,0.3240619588350948,0.25533467127206033,0.15773515146711248,0.33403623925253345,0.4167320228882897,-6.786483108788765
400,0.5931952799773724,0.8743081832023936,0.5709094672810601,0.562070124984034,0.7049700474555549,0.3821226465025743,0.7131864416801265,0.11847635257969613,0.21705384707596564,0.5602691853037175,-2.9337039376389975
401,0.25712689914785636,0.4843512627415121,0.06772537382123966,0.3974122994341184,0.7835913626360517,0.5656036184207173,0.09431341984509645,0.16054162986976672,0.6544747055348096,0.6887599180669131,0.2630813952264352
402,0.6100530965802217,0.842920560953921,0.9825036561609255,0.6998174047246204,0.3346872447151379,0.5230431598090214,0.9563298608203364,0.7219312022234712,0.17337037981655123,0.8492903003174093,2.8350732918895805
403,0.6184082518257837,0.24691323346771565,0.14357753773135729,0.3037905142972237,0.013421654935402039,0.916908209353847,0.23139599754080298,0.21343241888024356,0.8919570126914153,0.6150613166819705,-0.8552936628685683
404,0.3795992037274596,0.1680967958934756,0.7228985151977456,0.6699127083830771,0.3655451137362915,0.5696702778336407,0.6763319958887204,0.501317301919413,0.25926422038985686,0.6021793582804187,-2.334804200397384
405,0.9329180159919341,0.5763387738570936,0.5521669533582482,0.1379287087795772,0.326975933707911,0.8936517784995139,0.3328890028394029,0.5460050635900011,0.8148685930682854,0.7183438991961608,-0.2762185321201981
406,0.44679673990686886,0.35555119474698127,0.4246308242002721,0.4820232580293595,0.8701375577009296,0.6643243054669644,0.5266398252640453,0.7387120605012504,0.6779406945076906,0.40163192297517514,-3.580705917738393
407,0.562707630603729,0.6132977534900406,0.386963512885629,0.12095823027556885,0.8842187418226596,0.8563659998354729,0.44796541059454664,0.47474595456254887,0.11143692151320372,0.48650436164711663,-1.8241592131162854
408,0.6436245719149899,0.961792085487337,0.4376174024970425,0.23304705295651673,0.8773174219338634,0.03414141815266725,0.40145651252511716,0.6867997475773072,0.4078183791877229,0.3714755338397817,-3.359669044745202
409,0.7468760111715831,0.6038751548447008,0.22671995927379152,0.9443454745748092,0.10899154396222932,0.5934770387404097,0.565257126018958,0.0882923805645951,0.13055123784862066,0.3450092836016929,-0.7303673928341979
410,0.8841702006690346,0.9617180635308761,0.5009447241431925,0.7735456856383621,0.9835310434950046,0.2683809538432814,0.37159757215956113,0.28196118739888487,0.06656029570798283,0.838456004645212,-0.13205085097086758
411,0.23835898597333716,0.5722661560941172,0.5575170228084191,0.6434128343902835,0.9892261700700972,0.41563317284687673,0.9213016711415871,0.6672791688253886,0.4432954910301208,0.8993032373519948,1.912069944842277
412,0.20765297807008454,0.4328726690940504,0.6248827797606037,0.07988207959794924,0.11332720755171544,0.36779280338275233,0.5540139998183291,0.5132586374112161,0.3913424627808618,0.6289053786643817,-2.4785569405360346
413,0.5475490702517326,0.4811883211180853,0.17089462931571975,0.6674416727564721,0.7631673360645985,0.6042908432276713,0.25549447859569796,0.7867920946626925,0.5527029484332248,0.7946421379771598,-0.6407945453525931
414,0.883814949917228,0.6075175607803355,0.8820772044208917,0.38033926027200027,0.9631931091711179,0.7587624046883806,0.9628326746589824,0.9004522845984804,0.2857290793088264,0.4541651977393497,1.3072851633048652
415,0.2313792616561886,0.8011132491638192,0.7756163926472973,0.7228263231535215,0.6113033093031475,0.5829248924389544,0.8822130863715079,0.4309999115366363,0.10497169795722405,0.6831166814505873,1.9712677465813047
416,0.590006265405832,0.9605909798239491,0.9018547863709514,0.9001263811287572,0.35694096239526607,0.8708287190052519,0.9627862499287376,0.3302014186233593,0.12054914156893282,0.5254339286139278,1.9104271521340939
417,0.15856281717103993,0.8269851060688126,0.6048663997058036,0.7108460648280394,0.837247406683589,0.08264512513807454,0.09617653292438844,0.7186795382015408,0.039582926972240084,0.5144408793671701,3.6888950494906
418,0.9695767322316857,0.6281572114962839,0.19912093900876593,0.9074387000261753,0.6434470445199416,0.28920529955454166,0.616547984641806,0.7321673365069238,0.6132803649160532,0.11327727267689347,-0.4330754255170033
419,0.4222745589136989,0.28023606763621967,0.010026771725603734,0.017892747990497004,0.11523680122539981,0.9538442476741207,0.6442345248742283,0.4855467315983343,0.845258214002353,0.3065390371033868,1.5978026244533212
420,0.7957987118080331,0.01808582813911619,0.48835085898223296,0.7225374874448494,0.40110282150685184,0.25943808163111304,0.3220360405846435,0.6435832189526379,0.9726870173416579,0.4400884938786993,-3.4714897144460144
421,0.8014372609500239,0.3596247513469757,0.5377865588847217,0.1898362301811768,0.37166325599946737,0.6570092219699801,0.9021902290932226,0.4785817986781207,0.07465863788411253,0.27815576934732134,-3.214795946317587
422,0.8085103733041507,0.28916917753381943,0.9764971109161215,0.13417617418616934,0.05500354986559364,0.5130232186597341,0.31998217246659344,0.17975568332189185,0.3365270634754345,0.8468287753432303,-1.999048729296971
423,0.9875731321335343,0.8970822817370305,0.4548529534589395,0.8581634660329935,0.7262611635702625,0.497953640683533,0.322333936572624,0.40529268388420325,0.6950243007831622,0.7304461836929708,-1.6219062741720263
424,0.8346652856271771,0.050736048282324586,0.672872666781568,0.534879235147009,0.6295018320751087,0.9830108321424295,0.4137520483827921,0.34541741415033556,0.04356991371522689,0.4364860024415784,-3.273782580005651
425,0.39890312210294887,0.7082879947587867,0.9899286585684377,0.013185371961583758,0.7602590605491598,0.021897504038333016,0.565519096625134,0.24774968718235757,0.8318099008040876,0.6473001880513456,3.180536754946486
426,0.01255355379455092,0.3894582257407493,0.49276215610990826,0.2380872128043039,0.39510162569454865,0.4077002719049839,0.5866582644193422,0.056935491671935345,0.7550669500317917,0.5763953264741779,-3.599834726200706
427,0.855711087549014,0.0053478745665109795,0.513858424727502,0.8562649825504486,0.1547828415172604,0.11321203682896164,0.5183596097387987,0.6571412833132911,0.031026603521998708,0.9800491442479293,1.5527847031267088
428,0.7782292800899987,0.7691438050390557,0.27762590135415355,0.8865336780093171,0.6612223048350336,0.07029068164489571,0.3372083994498998,0.6253472783197392,0.07201754347367506,0.9244562961276348,0.5583652878001232
429,0.9134523069039018,0.14344211407652419,0.1344830264493997,0.13206938432103044,0.6483594339034323,0.5972912945436025,0.05462851522981349,0.4219400894643863,0.3452257172332521,0.11869967488383171,-3.5303183886245626
430,0.12189676874962652,0.907477451353171,0.1518878184958743,0.8551597292025854,0.4408522354139284,0.5391963947682945,0.7879424358449373,0.4059484450600457,0.1520135703303015,0.649637043664793,0.49222720468115966
431,0.9529107317100468,0.8745443527898298,0.02570838246472118,0.7526985223183221,0.5165621007538159,0.26107388835947576,0.2632749693943589,0.607308730451639,0.8626053530577225,0.16757562613913402,0.7514730889254103
432,0.2715430013819521,0.2409339792749422,0.35563445372256974,0.5669695484409242,0.4215443214086281,0.876783788578184,0.7347283977571328,0.845304389431955,0.8050886994049317,0.7515979816819434,1.8211652497265602
433,0.7610093522209479,0.16196887025404028,0.643691587823289,0.7960979134663946,0.33081477666121983,0.4586615858980707,0.23356561625054306,0.5641988878638782,0.14038327840856257,0.8193130532403973,-1.7690878106710202
434,0.9937022305242706,0.0786879092946503,0.4624988745892291,0.7990994336998017,0.30261862960770136,0.5235697551981691,0.07416966028152294,0.644666129799457,0.39831095679598694,0.898671439941134,-0.6532921094316161
435,0.5200697629397298,0.15032810295984256,0.5522003929106284,0.4126007968413141,0.9139086287321373,0.061769888292503405,0.3979416500794021,0.5065062108638839,0.3157627869704185,0.6886674165896968,-3.3297246955217332
436,0.42166189708562474,0.7866919878731157,0.9113236343160677,0.7277140951724097,0.3450785823580125,0.3859655221636764,0.4441981837421022,0.9085604951137343,0.8566583989669085,0.7181544373850633,3.3680685505318784
437,0.15181459649495654,0.46726943868103843,0.20182012699734986,0.8662272323138087,0.3656085615759259,0.7027221706387935,0.8529163110905311,0.590609845511031,0.9447946555509255,0.5549760744214433,1.7487620765753051
438,0.8078531268100532,0.3039588141092069,0.512168861035026,0.7873762490907943,0.8492058601350043,0.32833349574433357,0.8278461182750299,0.21086870827547666,0.36867631336128925,0.23832833604509296,-3.5699104971672124
439,0.7208409509606764,0.26913747667839316,0.48888410966553975,0.7565604318190919,0.2574047014797134,0.9870044377247716,0.09173287434588284,0.4984075370684281,0.10184398729490995,0.38624984376062044,-1.8959319860320658
440,0.31933167661172523,0.02298586751900422,0.2005931212509584,0.5191124661094261,0.5672660323170666,0.18900879752301158,0.21044969578657613,0.17398598639367036,0.9813217521826475,0.7952062813982428,0.2506860657696724
441,0.9950699005226411,0.9511472400197551,0.1098785985495262,0.9955410624947805,0.027170131650996465,0.1000518274649469,0.6486951857458318,0.3076278563325161,0.35275199163890847,0.4247255547419695,0.4462718123145044
442,0.5972223700815315,0.006857470977079672,0.515420831159722,0.8304579921208959,0.4024945876677475,0.4135514747750644,0.5463846688920477,0.4619883687031384,0.8098251064753622,0.9025417085478864,-2.166892608060393
443,0.007725491669413942,0.9910832271498788,0.9116351493609959,0.7906929415645646,0.11454915571628532,0.44715209384677945,0.22009178183044553,0.4492481175728028,0.5835629858648769,0.8507375366347939,1.415406850366237
444,0.9878645826656329,0.7412199188503009,0.7561382010788992,0.2463971253538927,0.6896699569376771,0.7271936552995054,0.40471499182110904,0.8699393316013234,0.39030934370924586,0.24775393289697,-0.8872244516577282
445,0.9445380522506243,0.4861362585830914,0.1885628089152126,0.8929427002228697,0.5301681450016229,0.94111021217405,0.35124790104826376,0.7163102453347697,0.21738051996907248,0.45027678689425477,-1.5237760077120863
446,0.6695249765066627,0.2235570089981188,0.08402940104749046,0.8121342563174525,0.7924387221610482,0.3188188309758192,0.003541774297330824,0.6234368126843166,0.5876721257878108,0.7955763372063037,-0.5762199894294667
447,0.2095466960103609,0.6847346316920965,0.3782551446709652,0.7110304608408488,0.6171516201847719,0.14787774457123637,0.5622720085313023,0.955356705146313,0.8644172530311888,0.025491690860991012,2.715675264575437
448,0.5578500205418166,0.3828636939673302,0.18931431417298206,0.4314354483473183,0.8825988444296915,0.8132344412206522,0.035795345422771074,0.9352258119490525,0.8257485715373698,0.9652579939783902,2.645790952361965
449,0.5937133999173809,0.4582909325407535,0.5561953431200873,0.5739530924533028,0.29959005595519017,0.9594955191029763,0.29588070820562307,0.8328096676408203,0.8759563255560545,0.5545045670221187,-0.4285485694829008
450,0.5305736747513655,0.2542546397133322,0.7477674092597467,0.46562114711380775,0.9914038715236376,0.8342127149681948,0.6371058782255942,0.864313218081955,0.06687237381635691,0.1970009540674751,1.5466467616370865
451,0.2126810617447743,0.5731136010602748,0.09717223737309766,0.4461257997456797,0.3086313168992316,0.735460963571292,0.029767653437507757,0.8175536684876885,0.09572254020193383,0.06932263402914063,3.8903253208840973
452,0.9759665639146711,0.5995181211200404,0.28789652081810235,0.3271910680985597,0.7825795019663646,0.767378097681422,0.8094878512000173,0.2530331429316016,0.19405347199643297,0.00851838739770261,0.06104196194360495
453,0.4194411408460622,0.23049597027996227,0.7784917970089011,0.5862105853035807,0.1803158701271761,0.32171951823675926,0.13653357786267029,0.3138585945598813,0.5613692452561406,0.08953479666588138,-1.2030276123693382
454,0.8591324479857915,0.2359318290757242,0.012544774395606306,0.006328463505894444,0.461676523230646,0.4986789003317055,0.29589901284329,0.7629243582693997,0.22554773388485327,0.8376392354657164,-1.4374255437922334
455,0.5084013899170383,0.8179319694580622,0.36539049734923246,0.26220537374527997,0.12293023792942137,0.4361872735472372,0.30851522307955415,0.43290738592978173,0.22288031886170967,0.5391811754909221,-4.001614605699926
456,0.6357302931871189,0.7390692690929431,0.13036334768919156,0.013932041981701837,0.1951251398498859,0.8619871095551602,0.25966991975558584,0.6358617843035064,0.19123335940374664,0.5434231468768197,1.2230441479701766
457,0.6795399394235774,0.3571398737284257,0.17497153571312674,0.6185559298964054,0.21387131257246073,0.7902314679325165,0.22124594566288858,0.007716266489098178,0.6977501227490083,0.7755719599697931,0.3040097110849822
458,0.05353268001456524,0.04166366349251793,0.8794415204277859,0.827292411842619,0.8468006219713905,0.21995210824465505,0.2328865679701252,0.5965443950382335,0.12743491351625902,0.7002349666932145,2.3033648835920166
459,0.4688205754611997,0.34350870250057475,0.0805237153176841,0.7527379336402625,0.3224240031772547,0.7988830280154056,0.09849228147769107,0.07102330946897617,0.19568255053641848,0.9526080002238445,2.2312333723614888
460,0.11844227573818711,0.02713450896856806,0.2909402293931427,0.5336555856931442,0.9190974572723994,0.9478101807084347,0.4003677807867231,0.05997432068596509,0.9149272103578668,0.9021553176635682,2.5722217613196654
461,0.3173638618510385,0.4255039810269273,0.6220154102195112,0.22567475696165695,0.21424384239530547,0.14112026240561337,0.5433227843718299,0.29862206856805773,0.8441835467786496,0.1282063399612453,-0.20506686498497817
462,0.561167482431504,0.31230679271536443,0.9979998002455956,0.5693024188273205,0.3286530869203824,0.7421623482175788,0.19985539082947745,0.24980599725360908,0.3024757391033055,0.904407222319976,-1.2312608654873745
463,0.1416303029476197,0.21794162906989722,0.2637752340844951,0.13836032226602102,0.47215793548621143,0.1020329568401186,0.7209369594716197,0.61265532061491,0.6655296261885518,0.40223157310850344,-2.384562741992611
464,0.3159014137255388,0.9353184055026421,0.2842070818038748,0.01394766743107334,0.5697888028225032,0.11555476132017828,0.8110452894554555,0.9627359546927329,0.4611341746072257,0.5974248193406028,0.9488486579169757
465,0.2221381327001688,0.20638157847384153,0.5070036547486849,0.298728094555487,0.006259553991629696,0.9795782194078478,0.8035297648436416,0.06471525960920965,0.9117310715639246,0.04138458394217259,3.108288107360397
466,0.14901742169783483,0.18421207476936463,0.1568063262536118,0.5131003623701184,0.5568636734759704,0.237414171317347,0.5655282082424835,0.5131517278999238,0.6394483108852855,0.9716191950205787,-2.2948799026737143
467,0.7633179674758885,0.22832884509064977,0.7568098801423392,0.6271305835308502,0.7012017585397229,0.33456318164854715,0.7055879468489709,0.657685728632967,0.8735509975992993,0.018687104310548097,-0.7849493077972612
468,0.08054563790753799,0.5174194097308434,0.5653958514235422,0.5695703853838338,0.5132198172827744,0.9205238310315004,0.389005706095397,0.756185826093041,0.8449242088633785,0.888262928100923,1.4906511981419168
469,0.45813578322771853,0.8762913674604677,0.7023272403749513,0.6033592860252803,0.2529557357451344,0.9792960760445332,0.44070206818507396,0.4055835165329761,0.5881604887288516,0.3336250181887308,-1.2044197516700628
470,0.4032797334809308,0.4556389803059625,0.9038395704717818,0.8924092080169389,0.7966743695282767,0.8409204088142833,0.0707499211499476,0.4512068806704762,0.8136770755360172,0.17134126415840667,3.466105046573116
471,0.38131846423263127,0.2868870034900032,0.9229608443210227,0.5094194036100742,0.24869459486966183,0.3038245666189142,0.22154464907722649,0.47561772952550985,0.2064525961159348,0.7467913456910267,-1.3334620020186945
472,0.23778832518273252,0.8896481367493936,0.0918879054976729,0.748246650140336,0.3188922237488886,0.9544462328563242,0.9375851192490897,0.44438815046610625,0.4666172101481857,0.13573221458430018,2.850810467423946
473,0.1582262533209543,0.5134993149611436,0.9865982286263542,0.2759885109621809,0.3378200069138173,0.7326528801531158,0.4230430531525512,0.7313390973637128,0.8520227458412186,0.3529367025242224,0.9778512706622854
474,0.9464848505716384,0.2865465339938391,0.7627914633241137,0.0980224415468447,0.4692483877786925,0.9681500983009887,0.8594794138337736,0.6460256984822917,0.6577140815477512,0.7809184673242082,1.1720659755357261
475,0.8209321233016025,0.18720691612447482,0.5390519938043199,0.6625304381643077,0.03283001542332886,0.042615308781088435,0.4451297805194555,0.40558422987890175,0.17697116825373105,0.10252476593156468,-2.2105917131779163
476,0.6022293216962422,0.8047595848291105,0.2587815864474968,0.4187692692717019,0.49951944205067633,0.4893408464817792,0.4524675698772531,0.3196449788168624,0.6715925164878145,0.3065094940072598,-5.86556233706281
477,0.4367827164732343,0.6656905637824605,0.779423938127103,0.2803327381579377,0.28317367159633566,0.46786912632565514,0.5387430464923734,0.526417851637013,0.7525039294513742,0.2879800853401202,-1.8199547018231113
478,0.11420266009593372,0.9011076595731726,0.8141700064700138,0.184337375600243,0.8908799545582632,0.5211737326966532,0.019177857731225045,0.42691151828308116,0.1388953239885765,0.15187664761229747,1.6486221615582175
479,0.8741451327771821,0.2615110458395873,0.9293040899450205,0.9043607626173696,0.7967341196620304,0.6926365588266775,0.5642477443315362,0.4484138513730076,0.12835079652042958,0.8874598917036483,0.3238625737987426
480,0.9466810897866975,0.3423164111476168,0.3270628852288233,0.35391629407831815,0.9377045427898719,0.32034802211166824,0.5397345250127562,0.217246228703042,0.7968942092340291,0.12949622937336558,-3.0164003700929
481,0.6287645544105046,0.542633195400355,0.9584439902421765,0.9859507160245322,0.8849907704008113,0.8156989142314343,0.7483813029298274,0.7969026938784924,0.8234568123364565,0.23777074810299437,3.723530327221644
482,0.5360072529757204,0.5177071710938412,0.5615322825378682,0.7226362964431182,0.690143321370342,0.5792436592518408,0.9678817651612499,0.09258731187954294,0.3303599118218057,0.9634254196512319,0.17270007406395785
483,0.317240571070753,0.08449657798111321,0.04750328514739677,0.9558495122081838,0.8117982575133548,0.5546093790688046,0.29776102672135196,0.32123294967482496,0.7013944731001461,0.9180888469932945,1.3150965875422884
484,0.1270223171608822,0.9470810631029293,0.9789052690334364,0.7283296865209847,0.14611541036840847,0.9952482796852028,0.6377305975569915,0.9031334296174891,0.7211059783989167,0.8376374385997373,6.42488857532033
485,0.869094935484038,0.7234275352653946,0.5521201796839295,0.5815080678507761,0.4069793227755304,0.5841138712359909,0.02415389528532985,0.7172360149935514,0.9627463012917403,0.312684466793164,-0.2135083320847762
486,0.9506753006005807,0.12354360752588078,0.6148310542170262,0.2669732772119161,0.5320343874693656,0.5974499984584681,0.8387243228378244,0.5083315219784976,0.6977343462205885,0.8175895290507971,-2.1853402241462936
487,0.9609333652496117,0.5295706156891437,0.5066856689140117,0.7510999810632305,0.5722703396702533,0.4636935768465269,0.35335822486591006,0.7922651164436258,0.7602400378703228,0.3262426301538386,-2.5989630540615365
488,0.8498174390819954,0.8817103790866074,0.2709963262223668,0.06032015982355543,0.33364242716938153,0.43856689663069426,0.02963480107911709,0.4991040344273715,0.4914985637674092,0.5422070533186194,-2.974289996783391
489,0.4791598453033378,0.40021786040333307,0.74139346584788,0.27644286947134833,0.21322714337850623,0.011041081309880352,0.2135187347880576,0.37275375385771037,0.47697521044722224,0.5532347022630923,-2.6459260640148874
490,0.8847458597730105,0.05897156653327684,0.7107080099329388,0.8244475721265337,0.7415371376498768,0.29955620621552925,0.4332857079343708,0.9256771740634003,0.5499831996653994,0.9293149485841334,-0.4622695851059123
491,0.9298207272184486,0.6862904314318281,0.28050292371522545,0.5787623185549788,0.0635448436385393,0.2765391699487415,0.015939026666451084,0.2655453256765806,0.8196901277645955,0.6218861527796775,0.5496928965938327
492,0.4584301191063136,0.6873472444471036,0.4139065318060946,0.9693689488262002,0.3829438193856953,0.4639941145413904,0.28650682640676606,0.5167926943541082,0.4354589225505384,0.5879088904605753,-3.3644867813568076
493,0.4202466668031529,0.18270761083261,0.9448126290488129,0.4866539590597265,0.5274427396459324,0.6274468265911608,0.8533562348326136,0.18179405026585738,0.4601114416164962,0.030210929378999496,-0.9719350416480557
494,0.3076062987419831,0.32761830155666094,0.4648576210252683,0.119462130734865,0.15865903412054383,0.13111802924527216,0.5972916268163104,0.038600659517798896,0.7918859082936887,0.4943383441099052,-0.06992617026641895
495,0.9308504652192202,0.9503146845695392,0.23016847010043973,0.9759166573633411,0.9662351102403416,0.8079144605863081,0.5897202985099051,0.2872484235030218,0.7874911119501241,0.2670315933694408,1.0439032943698
496,0.09857052749840756,0.6467195704438878,0.32118819528242637,0.2933365504666128,0.8761930972148164,0.20845155002200333,0.38485332757351953,0.27025145792784866,0.6610644408639637,0.3723729648435451,-2.901101911124378
497,0.028748051573060263,0.8429818302065207,0.1457266098055423,0.5212670940717407,0.005179730533045768,0.14521556262408153,0.2427786907151417,0.010591183730582432,0.7212707505467414,0.9961270599066989,3.4556876655867943
498,0.9714526565506524,0.6957747485123635,0.8558513545920452,0.9182272097679465,0.7374815251440924,0.7493615894697696,0.527690267330914,0.9972295811534212,0.997975865000072,0.0650553645608628,4.367380570633472
499,0.894318543350922,0.18564134516286257,0.15450005376153775,0.6499651579575166,0.5491158700102595,0.24007132733191971,0.392642863714735,0.9106325078028413,0.855245287827155,0.0773409524466564,-1.159301426449542
